#  E (eV)   dos(E)     Int dos(E)
  -31.026719646  0.74853804E-10  0.10184379E-10
  -30.890662715  0.65912026E-06  0.89688065E-07
  -30.754605784  0.78648626E-03  0.10709659E-03
  -30.618548852  0.12717281E+00  0.17409839E-01
  -30.482491921  0.27866000E+01  0.39654608E+00
  -30.346434990  0.82743227E+01  0.15223250E+01
  -30.210378059  0.33294125E+01  0.19753147E+01
  -30.074321128  0.18154303E+00  0.20000149E+01
  -29.938264196  0.13414284E-02  0.20001974E+01
  -29.802207265  0.13431674E-05  0.20001976E+01
  -29.666150334  0.18224933E-09  0.20001976E+01
  -29.530093403  0.33509884E-14  0.20001976E+01
  -29.394036471  0.83492765E-20  0.20001976E+01
  -29.257979540  0.28189739E-26  0.20001976E+01
  -29.121922609  0.12897236E-33  0.20001976E+01
  -28.985865678  0.79958069E-42  0.20001976E+01
  -28.849808746  0.67171409E-51  0.20001976E+01
  -28.713751815  0.76464390E-61  0.20001976E+01
  -28.577694884  0.11794579E-71  0.20001976E+01
  -28.441637953  0.28898440E-83  0.20001976E+01
  -28.305581022  0.43613567E-84  0.20001976E+01
  -28.169524090  0.43613567E-84  0.20001976E+01
  -28.033467159  0.43613567E-84  0.20001976E+01
  -27.897410228  0.43613567E-84  0.20001976E+01
  -27.761353297  0.43613567E-84  0.20001976E+01
  -27.625296365  0.43613567E-84  0.20001976E+01
  -27.489239434  0.43613567E-84  0.20001976E+01
  -27.353182503  0.43613567E-84  0.20001976E+01
  -27.217125572  0.43613567E-84  0.20001976E+01
  -27.081068640  0.43613567E-84  0.20001976E+01
  -26.945011709  0.43613567E-84  0.20001976E+01
  -26.808954778  0.43613567E-84  0.20001976E+01
  -26.672897847  0.43613567E-84  0.20001976E+01
  -26.536840916  0.43613567E-84  0.20001976E+01
  -26.400783984  0.43613567E-84  0.20001976E+01
  -26.264727053  0.43613567E-84  0.20001976E+01
  -26.128670122  0.43613567E-84  0.20001976E+01
  -25.992613191  0.43613567E-84  0.20001976E+01
  -25.856556259  0.43613567E-84  0.20001976E+01
  -25.720499328  0.43613567E-84  0.20001976E+01
  -25.584442397  0.43613567E-84  0.20001976E+01
  -25.448385466  0.43613567E-84  0.20001976E+01
  -25.312328534  0.43613567E-84  0.20001976E+01
  -25.176271603  0.43613567E-84  0.20001976E+01
  -25.040214672  0.43613567E-84  0.20001976E+01
  -24.904157741  0.43613567E-84  0.20001976E+01
  -24.768100810  0.43613567E-84  0.20001976E+01
  -24.632043878  0.43613567E-84  0.20001976E+01
  -24.495986947  0.43613567E-84  0.20001976E+01
  -24.359930016  0.43613567E-84  0.20001976E+01
  -24.223873085  0.43613567E-84  0.20001976E+01
  -24.087816153  0.43613567E-84  0.20001976E+01
  -23.951759222  0.43613567E-84  0.20001976E+01
  -23.815702291  0.43613567E-84  0.20001976E+01
  -23.679645360  0.43613567E-84  0.20001976E+01
  -23.543588429  0.43613567E-84  0.20001976E+01
  -23.407531497  0.43613567E-84  0.20001976E+01
  -23.271474566  0.43613567E-84  0.20001976E+01
  -23.135417635  0.43613567E-84  0.20001976E+01
  -22.999360704  0.43613567E-84  0.20001976E+01
  -22.863303772  0.43613567E-84  0.20001976E+01
  -22.727246841  0.43613567E-84  0.20001976E+01
  -22.591189910  0.43613567E-84  0.20001976E+01
  -22.455132979  0.43613567E-84  0.20001976E+01
  -22.319076047  0.43613567E-84  0.20001976E+01
  -22.183019116  0.43613567E-84  0.20001976E+01
  -22.046962185  0.43613567E-84  0.20001976E+01
  -21.910905254  0.54929345E-84  0.20001976E+01
  -21.774848323  0.65674271E-73  0.20001976E+01
  -21.638791391  0.48630978E-62  0.20001976E+01
  -21.502734460  0.49302011E-52  0.20001976E+01
  -21.366677529  0.68510688E-43  0.20001976E+01
  -21.230620598  0.13065557E-34  0.20001976E+01
  -21.094563666  0.34239185E-27  0.20001976E+01
  -20.958506735  0.12345204E-20  0.20001976E+01
  -20.822449804  0.61318715E-15  0.20001976E+01
  -20.686392873  0.42006502E-10  0.20001976E+01
  -20.550335941  0.39730562E-06  0.20001976E+01
  -20.414279010  0.51927790E-03  0.20002683E+01
  -20.278222079  0.93849327E-01  0.20130371E+01
  -20.142165148  0.23463874E+01  0.23322794E+01
  -20.006108217  0.81165060E+01  0.34365863E+01
  -19.870051285  0.38840369E+01  0.39650364E+01
  -19.733994354  0.25702302E+00  0.40000062E+01
  -19.597937423  0.23505098E-02  0.40003260E+01
  -19.461880492  0.29682080E-05  0.40003264E+01
  -19.325823560  0.51706247E-09  0.40003264E+01
  -19.189766629  0.12411825E-13  0.40003264E+01
  -19.053709698  0.41008337E-19  0.40003264E+01
  -18.917652767  0.18626934E-25  0.40003264E+01
  -18.781595835  0.11618092E-32  0.40003264E+01
  -18.645538904  0.99393293E-41  0.40003264E+01
  -18.509481973  0.11650203E-49  0.40003264E+01
  -18.373425042  0.18690253E-59  0.40003264E+01
  -18.237368111  0.40999814E-70  0.40003264E+01
  -18.101311179  0.12329400E-81  0.40003264E+01
  -17.965254248  0.43613567E-84  0.40003264E+01
  -17.829197317  0.43613567E-84  0.40003264E+01
  -17.693140386  0.43613567E-84  0.40003264E+01
  -17.557083454  0.43613567E-84  0.40003264E+01
  -17.421026523  0.43613567E-84  0.40003264E+01
  -17.284969592  0.43613567E-84  0.40003264E+01
  -17.148912661  0.43613567E-84  0.40003264E+01
  -17.012855729  0.43613567E-84  0.40003264E+01
  -16.876798798  0.43613567E-84  0.40003264E+01
  -16.740741867  0.43613567E-84  0.40003264E+01
  -16.604684936  0.43613567E-84  0.40003264E+01
  -16.468628005  0.43613567E-84  0.40003264E+01
  -16.332571073  0.43613567E-84  0.40003264E+01
  -16.196514142  0.43613567E-84  0.40003264E+01
  -16.060457211  0.43613567E-84  0.40003264E+01
  -15.924400280  0.43613567E-84  0.40003264E+01
  -15.788343348  0.43613567E-84  0.40003264E+01
  -15.652286417  0.43613567E-84  0.40003264E+01
  -15.516229486  0.43613567E-84  0.40003264E+01
  -15.380172555  0.43613567E-84  0.40003264E+01
  -15.244115623  0.43613567E-84  0.40003264E+01
  -15.108058692  0.43613567E-84  0.40003264E+01
  -14.972001761  0.43613567E-84  0.40003264E+01
  -14.835944830  0.43613567E-84  0.40003264E+01
  -14.699887899  0.43613567E-84  0.40003264E+01
  -14.563830967  0.43613567E-84  0.40003264E+01
  -14.427774036  0.43613567E-84  0.40003264E+01
  -14.291717105  0.18574712E-82  0.40003264E+01
  -14.155660174  0.67646971E-71  0.40003264E+01
  -14.019603242  0.34334933E-60  0.40003264E+01
  -13.883546311  0.23741165E-50  0.40003264E+01
  -13.747489380  0.22381281E-41  0.40003264E+01
  -13.611432449  0.28794942E-33  0.40003264E+01
  -13.475375517  0.50624631E-26  0.40003264E+01
  -13.339318586  0.12184092E-19  0.40003264E+01
  -13.203261655  0.40244715E-14  0.40003264E+01
  -13.067204724  0.18313151E-09  0.40003264E+01
  -12.931147793  0.11551152E-05  0.40003266E+01
  -12.795090861  0.10209732E-02  0.40004655E+01
  -12.659033930  0.12923098E+00  0.40180482E+01
  -12.522976999  0.24662818E+01  0.43536030E+01
  -12.386920068  0.82536240E+01  0.54765657E+01
  -12.250863136  0.79459674E+01  0.65576697E+01
  -12.114806205  0.59201569E+01  0.73631480E+01
  -11.978749274  0.54851618E+01  0.81094423E+01
  -11.842692343  0.63216967E+01  0.89695530E+01
  -11.706635411  0.58681605E+01  0.97679569E+01
  -11.570578480  0.16279686E+01  0.99894533E+01
  -11.434521549  0.80159846E-01  0.10000360E+02
  -11.298464618  0.59687286E-03  0.10000441E+02
  -11.162407687  0.63672352E-06  0.10000441E+02
  -11.026350755  0.95140581E-10  0.10000441E+02
  -10.890293824  0.19773908E-14  0.10000441E+02
  -10.754236893  0.61760547E-12  0.10000441E+02
  -10.618179962  0.66947824E-08  0.10000441E+02
  -10.482123030  0.10866737E-04  0.10000442E+02
  -10.346066099  0.27855454E-02  0.10000821E+02
  -10.210009168  0.12485274E+00  0.10017808E+02
  -10.073952237  0.11971160E+01  0.10180684E+02
   -9.937895306  0.33211490E+01  0.10632550E+02
   -9.801838374  0.39737406E+01  0.11173205E+02
   -9.665781443  0.39513891E+01  0.11710819E+02
   -9.529724512  0.37433414E+01  0.12220126E+02
   -9.393667581  0.35648572E+01  0.12705150E+02
   -9.257610649  0.36254853E+01  0.13198422E+02
   -9.121553718  0.39558895E+01  0.13736648E+02
   -8.985496787  0.49071026E+01  0.14404294E+02
   -8.849439856  0.66518255E+01  0.15309320E+02
   -8.713382924  0.44196712E+01  0.15910647E+02
   -8.577325993  0.64420301E+00  0.15998296E+02
   -8.441269062  0.15365224E-01  0.16000386E+02
   -8.305212131  0.54712893E-04  0.16000394E+02
   -8.169155200  0.28077347E-07  0.16000394E+02
   -8.033098268  0.20416456E-11  0.16000394E+02
   -7.897041337  0.20831995E-16  0.16000394E+02
   -7.760984406  0.29635656E-22  0.16000394E+02
   -7.624927475  0.58505285E-29  0.16000394E+02
   -7.488870543  0.15969284E-36  0.16000394E+02
   -7.352813612  0.60089087E-45  0.16000394E+02
   -7.216756681  0.31092158E-54  0.16000394E+02
   -7.080699750  0.22077171E-64  0.16000394E+02
   -6.944642818  0.50726041E-65  0.16000394E+02
   -6.808585887  0.70616778E-55  0.16000394E+02
   -6.672528956  0.13470457E-45  0.16000394E+02
   -6.536472025  0.35300131E-37  0.16000394E+02
   -6.400415094  0.12752622E-29  0.16000394E+02
   -6.264358162  0.63818642E-23  0.16000394E+02
   -6.128301231  0.44549692E-17  0.16000394E+02
   -5.992244300  0.43840262E-12  0.16000394E+02
   -5.856187369  0.61863460E-08  0.16000394E+02
   -5.720130437  0.12899411E-04  0.16000395E+02
   -5.584073506  0.42177684E-02  0.16000969E+02
   -5.448016575  0.24650040E+00  0.16034507E+02
   -5.311959644  0.33616084E+01  0.16491877E+02
   -5.175902712  0.14421566E+02  0.18454032E+02
   -5.039845781  0.19373961E+02  0.21089993E+02
   -4.903788850  0.63011281E+01  0.21947305E+02
   -4.767731919  0.38653351E+00  0.21999896E+02
   -4.631674988  0.38364643E-02  0.22000418E+02
   -4.495618056  0.57054240E-05  0.22000419E+02
   -4.359561125  0.12254438E-08  0.22000419E+02
   -4.223504194  0.37319401E-13  0.22000419E+02
   -4.087447263  0.15950737E-18  0.22000419E+02
   -3.951390331  0.95073519E-25  0.22000419E+02
   -3.815333400  0.78669469E-32  0.22000419E+02
   -3.679276469  0.90049962E-40  0.22000419E+02
   -3.543219538  0.14217198E-48  0.22000419E+02
   -3.407162606  0.30881991E-58  0.22000419E+02
   -3.271105675  0.92090636E-69  0.22000419E+02
   -3.135048744  0.37634122E-80  0.22000419E+02
   -2.998991813  0.43613567E-84  0.22000419E+02
   -2.862934882  0.43613567E-84  0.22000419E+02
   -2.726877950  0.43613567E-84  0.22000419E+02
   -2.590821019  0.43613567E-84  0.22000419E+02
   -2.454764088  0.43613567E-84  0.22000419E+02
   -2.318707157  0.43613567E-84  0.22000419E+02
   -2.182650225  0.43613567E-84  0.22000419E+02
   -2.046593294  0.43613567E-84  0.22000419E+02
   -1.910536363  0.43613567E-84  0.22000419E+02
   -1.774479432  0.43613567E-84  0.22000419E+02
   -1.638422500  0.43613567E-84  0.22000419E+02
   -1.502365569  0.43613567E-84  0.22000419E+02
   -1.366308638  0.43613567E-84  0.22000419E+02
   -1.230251707  0.43613567E-84  0.22000419E+02
   -1.094194776  0.43613567E-84  0.22000419E+02
   -0.958137844  0.43613567E-84  0.22000419E+02
   -0.822080913  0.43613567E-84  0.22000419E+02
   -0.686023982  0.43613567E-84  0.22000419E+02
   -0.549967051  0.43613567E-84  0.22000419E+02
   -0.413910119  0.43613567E-84  0.22000419E+02
   -0.277853188  0.43613567E-84  0.22000419E+02
   -0.141796257  0.43613567E-84  0.22000419E+02
   -0.005739326  0.43613567E-84  0.22000419E+02
    0.130317606  0.43613567E-84  0.22000419E+02
    0.266374537  0.43613567E-84  0.22000419E+02
    0.402431468  0.43613567E-84  0.22000419E+02
    0.538488399  0.43613567E-84  0.22000419E+02
    0.674545330  0.43613567E-84  0.22000419E+02
    0.810602262  0.43613567E-84  0.22000419E+02
    0.946659193  0.43613567E-84  0.22000419E+02
    1.082716124  0.43613567E-84  0.22000419E+02
    1.218773055  0.43613567E-84  0.22000419E+02
    1.354829987  0.43614737E-84  0.22000419E+02
    1.490886918  0.17961904E-76  0.22000419E+02
    1.626943849  0.16778998E-65  0.22000419E+02
    1.763000780  0.21424480E-55  0.22000419E+02
    1.899057711  0.37463374E-46  0.22000419E+02
    2.035114643  0.89935878E-38  0.22000419E+02
    2.171171574  0.29739587E-30  0.22000419E+02
    2.307228505  0.13608515E-23  0.22000419E+02
    2.443285436  0.86739254E-18  0.22000419E+02
    2.579342368  0.77768273E-13  0.22000419E+02
    2.715399299  0.99595245E-09  0.22000419E+02
    2.851456230  0.18693037E-05  0.22000419E+02
    2.987513161  0.53877935E-03  0.22000492E+02
    3.123570093  0.26197569E-01  0.22004057E+02
    3.259627024  0.26467399E+00  0.22040067E+02
    3.395683955  0.88743046E+00  0.22160808E+02
    3.531740886  0.21501264E+01  0.22453348E+02
    3.667797817  0.44260783E+01  0.23055547E+02
    3.803854749  0.54049627E+01  0.23790929E+02
    3.939911680  0.55283247E+01  0.24543096E+02
    4.075968611  0.62763736E+01  0.25397040E+02
    4.212025542  0.85071884E+01  0.26554502E+02
    4.348082474  0.13199306E+02  0.28350359E+02
    4.484139405  0.14585627E+02  0.30334835E+02
    4.620196336  0.97605661E+01  0.31662828E+02
    4.756253267  0.60739563E+01  0.32489231E+02
    4.892310199  0.68223811E+01  0.33417464E+02
    5.028367130  0.70054455E+01  0.34370603E+02
    5.164424061  0.70271405E+01  0.35326694E+02
    5.300480992  0.86498739E+01  0.36503570E+02
    5.436537923  0.10415449E+02  0.37920664E+02
    5.572594855  0.91567218E+01  0.39166499E+02
    5.708651786  0.50140154E+01  0.39848691E+02
    5.844708717  0.10584422E+01  0.39992699E+02
    5.980765648  0.56355686E-01  0.40000367E+02
    6.116822580  0.59210439E-03  0.40000447E+02
    6.252879511  0.10665232E-05  0.40000447E+02
    6.388936442  0.30207163E-09  0.40000447E+02
    6.524993373  0.12742713E-13  0.40000447E+02
    6.661050305  0.77428004E-19  0.40000447E+02
    6.797107236  0.66397711E-25  0.40000447E+02
    6.933164167  0.79354298E-32  0.40000447E+02
    7.069221098  0.13113268E-39  0.40000447E+02
    7.205278029  0.29808211E-48  0.40000447E+02
    7.341334961  0.92882758E-58  0.40000447E+02
    7.477391892  0.39577856E-68  0.40000447E+02
    7.613448823  0.23021366E-79  0.40000447E+02
    7.749505754  0.43613567E-84  0.40000447E+02
    7.885562686  0.43613567E-84  0.40000447E+02
    8.021619617  0.43613567E-84  0.40000447E+02
    8.157676548  0.43613567E-84  0.40000447E+02
    8.293733479  0.43613567E-84  0.40000447E+02
    8.429790411  0.16127178E-82  0.40000447E+02
    8.565847342  0.37587995E-71  0.40000447E+02
    8.701904273  0.12299171E-60  0.40000447E+02
    8.837961204  0.55067216E-51  0.40000447E+02
    8.974018135  0.33811383E-42  0.40000447E+02
    9.110075067  0.28552041E-34  0.40000447E+02
    9.246131998  0.33288727E-27  0.40000447E+02
    9.382188929  0.53874562E-21  0.40000447E+02
    9.518245860  0.12198130E-15  0.40000447E+02
    9.654302792  0.39102400E-11  0.40000447E+02
    9.790359723  0.18092706E-07  0.40000447E+02
    9.926416654  0.12498669E-04  0.40000449E+02
   10.062473585  0.13754076E-02  0.40000636E+02
   10.198530517  0.27647594E-01  0.40004398E+02
   10.334587448  0.13704412E+00  0.40023044E+02
   10.470644379  0.28970153E+00  0.40062460E+02
   10.606701310  0.44962646E+00  0.40123634E+02
   10.742758241  0.61729425E+00  0.40207622E+02
   10.878815173  0.79032348E+00  0.40315150E+02
   11.014872104  0.97900224E+00  0.40448351E+02
   11.150929035  0.11978806E+01  0.40611330E+02
   11.286985966  0.14944435E+01  0.40814660E+02
   11.423042898  0.20843736E+01  0.41098253E+02
   11.559099829  0.31502839E+01  0.41526871E+02
   11.695156760  0.44761053E+01  0.42135876E+02
   11.831213691  0.59492830E+01  0.42945318E+02
   11.967270623  0.66721294E+01  0.43853107E+02
   12.103327554  0.65792996E+01  0.44748266E+02
   12.239384485  0.59002770E+01  0.45551040E+02
   12.375441416  0.44740943E+01  0.46159772E+02
   12.511498347  0.41124397E+01  0.46719297E+02
   12.647555279  0.50287158E+01  0.47403489E+02
   12.783612210  0.57423124E+01  0.48184771E+02
   12.919669141  0.50082187E+01  0.48866173E+02
   13.055726072  0.39360911E+01  0.49401706E+02
   13.191783004  0.24486182E+01  0.49734857E+02
   13.327839935  0.16575198E+01  0.49960374E+02
   13.463896866  0.16335707E+01  0.50182633E+02
   13.599953797  0.19724010E+01  0.50450992E+02
   13.736010729  0.27993908E+01  0.50831868E+02
   13.872067660  0.34385389E+01  0.51299705E+02
   14.008124591  0.28867281E+01  0.51692465E+02
   14.144181522  0.23493250E+01  0.52012107E+02
   14.280238453  0.25531528E+01  0.52359481E+02
   14.416295385  0.41006661E+01  0.52917405E+02
   14.552352316  0.61941285E+01  0.53760159E+02
   14.688409247  0.65533561E+01  0.54651789E+02
   14.824466178  0.64652975E+01  0.55531437E+02
   14.960523110  0.63553429E+01  0.56396126E+02
   15.096580041  0.45433952E+01  0.57014286E+02
   15.232636972  0.22271975E+01  0.57317312E+02
   15.368693903  0.12133454E+01  0.57482396E+02
   15.504750834  0.10055894E+01  0.57619213E+02
   15.640807766  0.10523449E+01  0.57762392E+02
   15.776864697  0.13805476E+01  0.57950225E+02
   15.912921628  0.23928064E+01  0.58275783E+02
   16.048978559  0.32462834E+01  0.58717462E+02
   16.185035491  0.33624537E+01  0.59174947E+02
   16.321092422  0.32885932E+01  0.59622383E+02
   16.457149353  0.33172548E+01  0.60073719E+02
   16.593206284  0.30288335E+01  0.60485813E+02
   16.729263216  0.26206117E+01  0.60842365E+02
   16.865320147  0.23340672E+01  0.61159931E+02
   17.001377078  0.20768313E+01  0.61442498E+02
   17.137434009  0.17260475E+01  0.61677339E+02
   17.273490940  0.14525785E+01  0.61874972E+02
   17.409547872  0.15074761E+01  0.62080075E+02
   17.545604803  0.19835628E+01  0.62349952E+02
   17.681661734  0.27810761E+01  0.62728337E+02
   17.817718665  0.33932390E+01  0.63190011E+02
   17.953775597  0.36976105E+01  0.63693096E+02
   18.089832528  0.40991044E+01  0.64250808E+02
   18.225889459  0.36546440E+01  0.64748047E+02
   18.361946390  0.28583802E+01  0.65136950E+02
   18.498003322  0.26900054E+01  0.65502944E+02
   18.634060253  0.29388894E+01  0.65902800E+02
   18.770117184  0.34345445E+01  0.66370094E+02
   18.906174115  0.35352620E+01  0.66851091E+02
   19.042231046  0.31954414E+01  0.67285853E+02
   19.178287978  0.29342461E+01  0.67685077E+02
   19.314344909  0.28445004E+01  0.68072091E+02
   19.450401840  0.31135084E+01  0.68495705E+02
   19.586458771  0.32793732E+01  0.68941887E+02
   19.722515703  0.29365947E+01  0.69341431E+02
   19.858572634  0.24825446E+01  0.69679198E+02
   19.994629565  0.23448089E+01  0.69998226E+02
   20.130686496  0.22993429E+01  0.70311067E+02
   20.266743428  0.23546920E+01  0.70631440E+02
   20.402800359  0.25432240E+01  0.70977463E+02
   20.538857290  0.26467929E+01  0.71337577E+02
   20.674914221  0.24933602E+01  0.71676816E+02
   20.810971152  0.23914044E+01  0.72002183E+02
   20.947028084  0.25508729E+01  0.72349247E+02
   21.083085015  0.29611494E+01  0.72752132E+02
   21.219141946  0.33792582E+01  0.73211904E+02
   21.355198877  0.30919168E+01  0.73632580E+02
   21.491255809  0.29434834E+01  0.74033062E+02
   21.627312740  0.28008244E+01  0.74414133E+02
   21.763369671  0.22688122E+01  0.74722821E+02
   21.899426602  0.18077193E+01  0.74968774E+02
   22.035483534  0.18526991E+01  0.75220846E+02
   22.171540465  0.16227668E+01  0.75441635E+02
   22.307597396  0.13200658E+01  0.75621239E+02
   22.443654327  0.12388172E+01  0.75789789E+02
   22.579711258  0.86778550E+00  0.75907857E+02
   22.715768190  0.43497801E+00  0.75967039E+02
   22.851825121  0.18538360E+00  0.75992261E+02
   22.987882052  0.54323541E-01  0.75999653E+02
   23.123938983  0.56054291E-02  0.76000415E+02
   23.259995915  0.12356471E-03  0.76000432E+02
   23.396052846  0.46027044E-06  0.76000432E+02
   23.532109777  0.26146215E-09  0.76000432E+02
   23.668166708  0.21652274E-13  0.76000432E+02
   23.804223640  0.25560897E-18  0.76000432E+02
   23.940280571  0.42430791E-24  0.76000432E+02
   24.076337502  0.98078659E-31  0.76000432E+02
   24.212394433  0.31336966E-38  0.76000432E+02
   24.348451364  0.13763269E-46  0.76000432E+02
   24.484508296  0.82754484E-56  0.76000432E+02
   24.620565227  0.67916981E-66  0.76000432E+02
   24.756622158  0.75920465E-77  0.76000432E+02
   24.892679089  0.43614295E-84  0.76000432E+02
