#  Re(w)     Im(w)  em111          em122          em133          em112          em113          em123
   0.05000   0.01000 -0.1263545E-06 -0.1263545E-06 -0.1263545E-06  0.0000000E+00  0.0000000E+00  0.0000000E+00
   0.06566   0.01000 -0.2216852E-06 -0.2216852E-06 -0.2216851E-06  0.0000000E+00  0.0000000E+00  0.0000000E+00
   0.08131   0.01000 -0.3428237E-06 -0.3428237E-06 -0.3428237E-06  0.0000000E+00  0.0000000E+00  0.0000000E+00
   0.09697   0.01000 -0.4897692E-06 -0.4897692E-06 -0.4897692E-06  0.0000000E+00  0.0000000E+00  0.0000000E+00
   0.11263   0.01000 -0.6625209E-06 -0.6625209E-06 -0.6625209E-06  0.0000000E+00  0.0000000E+00  0.0000000E+00
   0.12828   0.01000 -0.8610775E-06 -0.8610775E-06 -0.8610775E-06  0.0000000E+00  0.0000000E+00  0.0000000E+00
   0.14394   0.01000 -0.1085439E-05 -0.1085439E-05 -0.1085439E-05  0.0000000E+00  0.0000000E+00  0.0000000E+00
   0.15960   0.01000 -0.1335604E-05 -0.1335604E-05 -0.1335604E-05  0.0000000E+00  0.0000000E+00  0.0000000E+00
   0.17525   0.01000 -0.1611571E-05 -0.1611571E-05 -0.1611571E-05  0.0000000E+00  0.0000000E+00  0.0000000E+00
   0.19091   0.01000 -0.1913341E-05 -0.1913341E-05 -0.1913341E-05  0.0000000E+00  0.0000000E+00  0.0000000E+00
   0.20657   0.01000 -0.2240912E-05 -0.2240912E-05 -0.2240912E-05  0.0000000E+00  0.0000000E+00  0.0000000E+00
   0.22222   0.01000 -0.2594284E-05 -0.2594284E-05 -0.2594284E-05  0.0000000E+00  0.0000000E+00  0.0000000E+00
   0.23788   0.01000 -0.2973455E-05 -0.2973455E-05 -0.2973455E-05  0.0000000E+00  0.0000000E+00  0.0000000E+00
   0.25354   0.01000 -0.3378426E-05 -0.3378426E-05 -0.3378426E-05  0.0000000E+00  0.0000000E+00  0.0000000E+00
   0.26919   0.01000 -0.3809196E-05 -0.3809196E-05 -0.3809196E-05  0.0000000E+00  0.0000000E+00  0.0000000E+00
   0.28485   0.01000 -0.4265764E-05 -0.4265764E-05 -0.4265764E-05  0.0000000E+00  0.0000000E+00  0.0000000E+00
   0.30051   0.01000 -0.4748131E-05 -0.4748131E-05 -0.4748131E-05  0.0000000E+00  0.0000000E+00  0.0000000E+00
   0.31616   0.01000 -0.5256297E-05 -0.5256297E-05 -0.5256297E-05  0.0000000E+00  0.0000000E+00  0.0000000E+00
   0.33182   0.01000 -0.5790262E-05 -0.5790262E-05 -0.5790262E-05  0.0000000E+00  0.0000000E+00  0.0000000E+00
   0.34747   0.01000 -0.6350023E-05 -0.6350023E-05 -0.6350023E-05  0.0000000E+00  0.0000000E+00  0.0000000E+00
   0.36313   0.01000 -0.6935586E-05 -0.6935586E-05 -0.6935585E-05  0.0000000E+00  0.0000000E+00  0.0000000E+00
   0.37879   0.01000 -0.7546950E-05 -0.7546950E-05 -0.7546950E-05  0.0000000E+00  0.0000000E+00  0.0000000E+00
   0.39444   0.01000 -0.8184116E-05 -0.8184116E-05 -0.8184116E-05  0.0000000E+00  0.0000000E+00  0.0000000E+00
   0.41010   0.01000 -0.8847087E-05 -0.8847087E-05 -0.8847087E-05  0.0000000E+00  0.0000000E+00  0.0000000E+00
   0.42576   0.01000 -0.9535847E-05 -0.9535847E-05 -0.9535846E-05  0.0000000E+00  0.0000000E+00  0.0000000E+00
   0.44141   0.01000 -0.1025035E-04 -0.1025035E-04 -0.1025035E-04  0.0000000E+00  0.0000000E+00  0.0000000E+00
   0.45707   0.01000 -0.1099059E-04 -0.1099059E-04 -0.1099059E-04  0.0000000E+00  0.0000000E+00  0.0000000E+00
   0.47273   0.01000 -0.1175680E-04 -0.1175680E-04 -0.1175680E-04  0.0000000E+00  0.0000000E+00  0.0000000E+00
   0.48838   0.01000 -0.1254853E-04 -0.1254853E-04 -0.1254853E-04  0.0000000E+00  0.0000000E+00  0.0000000E+00
   0.50404   0.01000 -0.1336623E-04 -0.1336623E-04 -0.1336623E-04  0.0000000E+00  0.0000000E+00  0.0000000E+00
   0.51970   0.01000 -0.1420938E-04 -0.1420938E-04 -0.1420938E-04  0.0000000E+00  0.0000000E+00  0.0000000E+00
   0.53535   0.01000 -0.1507860E-04 -0.1507860E-04 -0.1507860E-04  0.0000000E+00  0.0000000E+00  0.0000000E+00
   0.55101   0.01000 -0.1597347E-04 -0.1597347E-04 -0.1597347E-04  0.0000000E+00  0.0000000E+00  0.0000000E+00
   0.56667   0.01000 -0.1689412E-04 -0.1689412E-04 -0.1689412E-04  0.0000000E+00  0.0000000E+00  0.0000000E+00
   0.58232   0.01000 -0.1784054E-04 -0.1784054E-04 -0.1784054E-04  0.0000000E+00  0.0000000E+00  0.0000000E+00
   0.59798   0.01000 -0.1881264E-04 -0.1881264E-04 -0.1881264E-04  0.0000000E+00  0.0000000E+00  0.0000000E+00
   0.61364   0.01000 -0.1981108E-04 -0.1981108E-04 -0.1981108E-04  0.0000000E+00  0.0000000E+00  0.0000000E+00
   0.62929   0.01000 -0.2083502E-04 -0.2083502E-04 -0.2083502E-04  0.0000000E+00  0.0000000E+00  0.0000000E+00
   0.64495   0.01000 -0.2188463E-04 -0.2188463E-04 -0.2188463E-04  0.0000000E+00  0.0000000E+00  0.0000000E+00
   0.66061   0.01000 -0.2296044E-04 -0.2296044E-04 -0.2296044E-04  0.0000000E+00  0.0000000E+00  0.0000000E+00
   0.67626   0.01000 -0.2406177E-04 -0.2406177E-04 -0.2406177E-04  0.0000000E+00  0.0000000E+00  0.0000000E+00
   0.69192   0.01000 -0.2518868E-04 -0.2518868E-04 -0.2518868E-04  0.0000000E+00  0.0000000E+00  0.0000000E+00
   0.70758   0.01000 -0.2634118E-04 -0.2634118E-04 -0.2634118E-04  0.0000000E+00  0.0000000E+00  0.0000000E+00
   0.72323   0.01000 -0.2752000E-04 -0.2752000E-04 -0.2752000E-04  0.0000000E+00  0.0000000E+00  0.0000000E+00
   0.73889   0.01000 -0.2872450E-04 -0.2872450E-04 -0.2872450E-04  0.0000000E+00  0.0000000E+00  0.0000000E+00
   0.75455   0.01000 -0.2995440E-04 -0.2995440E-04 -0.2995440E-04  0.0000000E+00  0.0000000E+00  0.0000000E+00
   0.77020   0.01000 -0.3121030E-04 -0.3121030E-04 -0.3121030E-04  0.0000000E+00  0.0000000E+00  0.0000000E+00
   0.78586   0.01000 -0.3249166E-04 -0.3249166E-04 -0.3249166E-04  0.0000000E+00  0.0000000E+00  0.0000000E+00
   0.80152   0.01000 -0.3379954E-04 -0.3379954E-04 -0.3379954E-04  0.0000000E+00  0.0000000E+00  0.0000000E+00
   0.81717   0.01000 -0.3513256E-04 -0.3513256E-04 -0.3513256E-04  0.0000000E+00  0.0000000E+00  0.0000000E+00
   0.83283   0.01000 -0.3649173E-04 -0.3649173E-04 -0.3649173E-04  0.0000000E+00  0.0000000E+00  0.0000000E+00
   0.84848   0.01000 -0.3787687E-04 -0.3787687E-04 -0.3787687E-04  0.0000000E+00  0.0000000E+00  0.0000000E+00
   0.86414   0.01000 -0.3928706E-04 -0.3928706E-04 -0.3928706E-04  0.0000000E+00  0.0000000E+00  0.0000000E+00
   0.87980   0.01000 -0.4072299E-04 -0.4072299E-04 -0.4072299E-04  0.0000000E+00  0.0000000E+00  0.0000000E+00
   0.89545   0.01000 -0.4218418E-04 -0.4218418E-04 -0.4218418E-04  0.0000000E+00  0.0000000E+00  0.0000000E+00
   0.91111   0.01000 -0.4367270E-04 -0.4367270E-04 -0.4367271E-04  0.0000000E+00  0.0000000E+00  0.0000000E+00
   0.92677   0.01000 -0.4518698E-04 -0.4518698E-04 -0.4518698E-04  0.0000000E+00  0.0000000E+00  0.0000000E+00
   0.94242   0.01000 -0.4672701E-04 -0.4672701E-04 -0.4672701E-04  0.0000000E+00  0.0000000E+00  0.0000000E+00
   0.95808   0.01000 -0.4829252E-04 -0.4829252E-04 -0.4829252E-04  0.0000000E+00  0.0000000E+00  0.0000000E+00
   0.97374   0.01000 -0.4988292E-04 -0.4988292E-04 -0.4988292E-04  0.0000000E+00  0.0000000E+00  0.0000000E+00
   0.98939   0.01000 -0.5150008E-04 -0.5150008E-04 -0.5150008E-04  0.0000000E+00  0.0000000E+00  0.0000000E+00
   1.00505   0.01000 -0.5314237E-04 -0.5314237E-04 -0.5314237E-04  0.0000000E+00  0.0000000E+00  0.0000000E+00
   1.02071   0.01000 -0.5481022E-04 -0.5481022E-04 -0.5481022E-04  0.0000000E+00  0.0000000E+00  0.0000000E+00
   1.03636   0.01000 -0.5650473E-04 -0.5650473E-04 -0.5650473E-04  0.0000000E+00  0.0000000E+00  0.0000000E+00
   1.05202   0.01000 -0.5822500E-04 -0.5822500E-04 -0.5822500E-04  0.0000000E+00  0.0000000E+00  0.0000000E+00
   1.06768   0.01000 -0.5997101E-04 -0.5997101E-04 -0.5997101E-04  0.0000000E+00  0.0000000E+00  0.0000000E+00
   1.08333   0.01000 -0.6174248E-04 -0.6174248E-04 -0.6174248E-04  0.0000000E+00  0.0000000E+00  0.0000000E+00
   1.09899   0.01000 -0.6354005E-04 -0.6354005E-04 -0.6354005E-04  0.0000000E+00  0.0000000E+00  0.0000000E+00
   1.11465   0.01000 -0.6536289E-04 -0.6536289E-04 -0.6536289E-04  0.0000000E+00  0.0000000E+00  0.0000000E+00
   1.13030   0.01000 -0.6721143E-04 -0.6721143E-04 -0.6721143E-04  0.0000000E+00  0.0000000E+00  0.0000000E+00
   1.14596   0.01000 -0.6908669E-04 -0.6908669E-04 -0.6908669E-04  0.0000000E+00  0.0000000E+00  0.0000000E+00
   1.16162   0.01000 -0.7098746E-04 -0.7098746E-04 -0.7098746E-04  0.0000000E+00  0.0000000E+00  0.0000000E+00
   1.17727   0.01000 -0.7291248E-04 -0.7291248E-04 -0.7291248E-04  0.0000000E+00  0.0000000E+00  0.0000000E+00
   1.19293   0.01000 -0.7486464E-04 -0.7486464E-04 -0.7486464E-04  0.0000000E+00  0.0000000E+00  0.0000000E+00
   1.20859   0.01000 -0.7684142E-04 -0.7684142E-04 -0.7684142E-04  0.0000000E+00  0.0000000E+00  0.0000000E+00
   1.22424   0.01000 -0.7884499E-04 -0.7884499E-04 -0.7884500E-04  0.0000000E+00  0.0000000E+00  0.0000000E+00
   1.23990   0.01000 -0.8087400E-04 -0.8087400E-04 -0.8087400E-04  0.0000000E+00  0.0000000E+00  0.0000000E+00
   1.25556   0.01000 -0.8292831E-04 -0.8292831E-04 -0.8292831E-04  0.0000000E+00  0.0000000E+00  0.0000000E+00
   1.27121   0.01000 -0.8500819E-04 -0.8500819E-04 -0.8500819E-04  0.0000000E+00  0.0000000E+00  0.0000000E+00
   1.28687   0.01000 -0.8711643E-04 -0.8711643E-04 -0.8711642E-04  0.0000000E+00  0.0000000E+00  0.0000000E+00
   1.30253   0.01000 -0.8924797E-04 -0.8924797E-04 -0.8924797E-04  0.0000000E+00  0.0000000E+00  0.0000000E+00
   1.31818   0.01000 -0.9140694E-04 -0.9140694E-04 -0.9140694E-04  0.0000000E+00  0.0000000E+00  0.0000000E+00
   1.33384   0.01000 -0.9359072E-04 -0.9359072E-04 -0.9359071E-04  0.0000000E+00  0.0000000E+00  0.0000000E+00
   1.34949   0.01000 -0.9580026E-04 -0.9580026E-04 -0.9580026E-04  0.0000000E+00  0.0000000E+00  0.0000000E+00
   1.36515   0.01000 -0.9803277E-04 -0.9803277E-04 -0.9803277E-04  0.0000000E+00  0.0000000E+00  0.0000000E+00
   1.38081   0.01000 -0.1002935E-03 -0.1002935E-03 -0.1002935E-03  0.0000000E+00  0.0000000E+00  0.0000000E+00
   1.39646   0.01000 -0.1025840E-03 -0.1025840E-03 -0.1025840E-03  0.0000000E+00  0.0000000E+00  0.0000000E+00
   1.41212   0.01000 -0.1048944E-03 -0.1048944E-03 -0.1048944E-03  0.0000000E+00  0.0000000E+00  0.0000000E+00
   1.42778   0.01000 -0.1072270E-03 -0.1072270E-03 -0.1072270E-03  0.0000000E+00  0.0000000E+00  0.0000000E+00
   1.44343   0.01000 -0.1095914E-03 -0.1095914E-03 -0.1095914E-03  0.0000000E+00  0.0000000E+00  0.0000000E+00
   1.45909   0.01000 -0.1119805E-03 -0.1119805E-03 -0.1119805E-03  0.0000000E+00  0.0000000E+00  0.0000000E+00
   1.47475   0.01000 -0.1143983E-03 -0.1143983E-03 -0.1143983E-03  0.0000000E+00  0.0000000E+00  0.0000000E+00
   1.49040   0.01000 -0.1168450E-03 -0.1168450E-03 -0.1168450E-03  0.0000000E+00  0.0000000E+00  0.0000000E+00
   1.50606   0.01000 -0.1193140E-03 -0.1193140E-03 -0.1193140E-03  0.0000000E+00  0.0000000E+00  0.0000000E+00
   1.52172   0.01000 -0.1217938E-03 -0.1217938E-03 -0.1217938E-03  0.0000000E+00  0.0000000E+00  0.0000000E+00
   1.53737   0.01000 -0.1243123E-03 -0.1243123E-03 -0.1243123E-03  0.0000000E+00  0.0000000E+00  0.0000000E+00
   1.55303   0.01000 -0.1268538E-03 -0.1268538E-03 -0.1268538E-03  0.0000000E+00  0.0000000E+00  0.0000000E+00
   1.56869   0.01000 -0.1294205E-03 -0.1294205E-03 -0.1294205E-03  0.0000000E+00  0.0000000E+00  0.0000000E+00
   1.58434   0.01000 -0.1320181E-03 -0.1320181E-03 -0.1320181E-03  0.0000000E+00  0.0000000E+00  0.0000000E+00
   1.60000   0.01000 -0.1346419E-03 -0.1346419E-03 -0.1346419E-03  0.0000000E+00  0.0000000E+00  0.0000000E+00
