#  Re(w)     Im(w)    e11            e22            e33            e12            e13            e23
   0.05000   0.01000  0.2809802E+07  0.2809802E+07  0.2809802E+07  0.0000000E+00  0.0000000E+00  0.0000000E+00
   0.06566   0.01000  0.1282051E+07  0.1282051E+07  0.1282051E+07  0.0000000E+00  0.0000000E+00  0.0000000E+00
   0.08131   0.01000  0.6857146E+06  0.6857146E+06  0.6857145E+06  0.0000000E+00  0.0000000E+00  0.0000000E+00
   0.09697   0.01000  0.4079179E+06  0.4079179E+06  0.4079179E+06  0.0000000E+00  0.0000000E+00  0.0000000E+00
   0.11263   0.01000  0.2617789E+06  0.2617789E+06  0.2617789E+06  0.0000000E+00  0.0000000E+00  0.0000000E+00
   0.12828   0.01000  0.1777916E+06  0.1777916E+06  0.1777916E+06  0.0000000E+00  0.0000000E+00  0.0000000E+00
   0.14394   0.01000  0.1261720E+06  0.1261720E+06  0.1261720E+06  0.0000000E+00  0.0000000E+00  0.0000000E+00
   0.15960   0.01000  0.9273005E+05  0.9273005E+05  0.9273005E+05  0.0000000E+00  0.0000000E+00  0.0000000E+00
   0.17525   0.01000  0.7012593E+05  0.7012593E+05  0.7012593E+05  0.0000000E+00  0.0000000E+00  0.0000000E+00
   0.19091   0.01000  0.5430514E+05  0.5430514E+05  0.5430514E+05  0.0000000E+00  0.0000000E+00  0.0000000E+00
   0.20657   0.01000  0.4290404E+05  0.4290404E+05  0.4290403E+05  0.0000000E+00  0.0000000E+00  0.0000000E+00
   0.22222   0.01000  0.3448190E+05  0.3448190E+05  0.3448190E+05  0.0000000E+00  0.0000000E+00  0.0000000E+00
   0.23788   0.01000  0.2812651E+05  0.2812651E+05  0.2812651E+05  0.0000000E+00  0.0000000E+00  0.0000000E+00
   0.25354   0.01000  0.2324107E+05  0.2324107E+05  0.2324107E+05  0.0000000E+00  0.0000000E+00  0.0000000E+00
   0.26919   0.01000  0.1942422E+05  0.1942422E+05  0.1942422E+05  0.0000000E+00  0.0000000E+00  0.0000000E+00
   0.28485   0.01000  0.1639914E+05  0.1639914E+05  0.1639915E+05  0.0000000E+00  0.0000000E+00  0.0000000E+00
   0.30051   0.01000  0.1397082E+05  0.1397082E+05  0.1397082E+05  0.0000000E+00  0.0000000E+00  0.0000000E+00
   0.31616   0.01000  0.1199911E+05  0.1199911E+05  0.1199911E+05  0.0000000E+00  0.0000000E+00  0.0000000E+00
   0.33182   0.01000  0.1038158E+05  0.1038158E+05  0.1038159E+05  0.0000000E+00  0.0000000E+00  0.0000000E+00
   0.34747   0.01000  0.9042221E+04  0.9042221E+04  0.9042221E+04  0.0000000E+00  0.0000000E+00  0.0000000E+00
   0.36313   0.01000  0.7923589E+04  0.7923589E+04  0.7923589E+04  0.0000000E+00  0.0000000E+00  0.0000000E+00
   0.37879   0.01000  0.6982208E+04  0.6982208E+04  0.6982208E+04  0.0000000E+00  0.0000000E+00  0.0000000E+00
   0.39444   0.01000  0.6184340E+04  0.6184340E+04  0.6184340E+04  0.0000000E+00  0.0000000E+00  0.0000000E+00
   0.41010   0.01000  0.5503847E+04  0.5503847E+04  0.5503847E+04  0.0000000E+00  0.0000000E+00  0.0000000E+00
   0.42576   0.01000  0.4920202E+04  0.4920202E+04  0.4920202E+04  0.0000000E+00  0.0000000E+00  0.0000000E+00
   0.44141   0.01000  0.4416346E+04  0.4416346E+04  0.4416346E+04  0.0000000E+00  0.0000000E+00  0.0000000E+00
   0.45707   0.01000  0.3978229E+04  0.3978229E+04  0.3978229E+04  0.0000000E+00  0.0000000E+00  0.0000000E+00
   0.47273   0.01000  0.3597058E+04  0.3597058E+04  0.3597058E+04  0.0000000E+00  0.0000000E+00  0.0000000E+00
   0.48838   0.01000  0.3263578E+04  0.3263578E+04  0.3263578E+04  0.0000000E+00  0.0000000E+00  0.0000000E+00
   0.50404   0.01000  0.2969473E+04  0.2969473E+04  0.2969473E+04  0.0000000E+00  0.0000000E+00  0.0000000E+00
   0.51970   0.01000  0.2709642E+04  0.2709642E+04  0.2709641E+04  0.0000000E+00  0.0000000E+00  0.0000000E+00
   0.53535   0.01000  0.2479284E+04  0.2479284E+04  0.2479284E+04  0.0000000E+00  0.0000000E+00  0.0000000E+00
   0.55101   0.01000  0.2273743E+04  0.2273743E+04  0.2273743E+04  0.0000000E+00  0.0000000E+00  0.0000000E+00
   0.56667   0.01000  0.2091109E+04  0.2091109E+04  0.2091109E+04  0.0000000E+00  0.0000000E+00  0.0000000E+00
   0.58232   0.01000  0.1926814E+04  0.1926814E+04  0.1926814E+04  0.0000000E+00  0.0000000E+00  0.0000000E+00
   0.59798   0.01000  0.1778802E+04  0.1778802E+04  0.1778802E+04  0.0000000E+00  0.0000000E+00  0.0000000E+00
   0.61364   0.01000  0.1645623E+04  0.1645623E+04  0.1645623E+04  0.0000000E+00  0.0000000E+00  0.0000000E+00
   0.62929   0.01000  0.1526309E+04  0.1526309E+04  0.1526309E+04  0.0000000E+00  0.0000000E+00  0.0000000E+00
   0.64495   0.01000  0.1417527E+04  0.1417527E+04  0.1417527E+04  0.0000000E+00  0.0000000E+00  0.0000000E+00
   0.66061   0.01000  0.1319199E+04  0.1319199E+04  0.1319199E+04  0.0000000E+00  0.0000000E+00  0.0000000E+00
   0.67626   0.01000  0.1230126E+04  0.1230126E+04  0.1230126E+04  0.0000000E+00  0.0000000E+00  0.0000000E+00
   0.69192   0.01000  0.1149025E+04  0.1149025E+04  0.1149025E+04  0.0000000E+00  0.0000000E+00  0.0000000E+00
   0.70758   0.01000  0.1074417E+04  0.1074417E+04  0.1074418E+04  0.0000000E+00  0.0000000E+00  0.0000000E+00
   0.72323   0.01000  0.1005868E+04  0.1005868E+04  0.1005868E+04  0.0000000E+00  0.0000000E+00  0.0000000E+00
   0.73889   0.01000  0.9436521E+03  0.9436521E+03  0.9436521E+03  0.0000000E+00  0.0000000E+00  0.0000000E+00
   0.75455   0.01000  0.8861511E+03  0.8861511E+03  0.8861510E+03  0.0000000E+00  0.0000000E+00  0.0000000E+00
   0.77020   0.01000  0.8334093E+03  0.8334093E+03  0.8334093E+03  0.0000000E+00  0.0000000E+00  0.0000000E+00
   0.78586   0.01000  0.7844807E+03  0.7844807E+03  0.7844807E+03  0.0000000E+00  0.0000000E+00  0.0000000E+00
   0.80152   0.01000  0.7393304E+03  0.7393304E+03  0.7393305E+03  0.0000000E+00  0.0000000E+00  0.0000000E+00
   0.81717   0.01000  0.6978282E+03  0.6978282E+03  0.6978282E+03  0.0000000E+00  0.0000000E+00  0.0000000E+00
   0.83283   0.01000  0.6591184E+03  0.6591184E+03  0.6591184E+03  0.0000000E+00  0.0000000E+00  0.0000000E+00
   0.84848   0.01000  0.6233498E+03  0.6233498E+03  0.6233498E+03  0.0000000E+00  0.0000000E+00  0.0000000E+00
   0.86414   0.01000  0.5906729E+03  0.5906729E+03  0.5906728E+03  0.0000000E+00  0.0000000E+00  0.0000000E+00
   0.87980   0.01000  0.5596724E+03  0.5596724E+03  0.5596723E+03  0.0000000E+00  0.0000000E+00  0.0000000E+00
   0.89545   0.01000  0.5304917E+03  0.5304917E+03  0.5304917E+03  0.0000000E+00  0.0000000E+00  0.0000000E+00
   0.91111   0.01000  0.5031580E+03  0.5031580E+03  0.5031580E+03  0.0000000E+00  0.0000000E+00  0.0000000E+00
   0.92677   0.01000  0.4780579E+03  0.4780579E+03  0.4780578E+03  0.0000000E+00  0.0000000E+00  0.0000000E+00
   0.94242   0.01000  0.4547931E+03  0.4547931E+03  0.4547931E+03  0.0000000E+00  0.0000000E+00  0.0000000E+00
   0.95808   0.01000  0.4330905E+03  0.4330905E+03  0.4330906E+03  0.0000000E+00  0.0000000E+00  0.0000000E+00
   0.97374   0.01000  0.4126247E+03  0.4126247E+03  0.4126247E+03  0.0000000E+00  0.0000000E+00  0.0000000E+00
   0.98939   0.01000  0.3933430E+03  0.3933430E+03  0.3933430E+03  0.0000000E+00  0.0000000E+00  0.0000000E+00
   1.00505   0.01000  0.3755046E+03  0.3755046E+03  0.3755046E+03  0.0000000E+00  0.0000000E+00  0.0000000E+00
   1.02071   0.01000  0.3583416E+03  0.3583416E+03  0.3583416E+03  0.0000000E+00  0.0000000E+00  0.0000000E+00
   1.03636   0.01000  0.3422698E+03  0.3422698E+03  0.3422698E+03  0.0000000E+00  0.0000000E+00  0.0000000E+00
   1.05202   0.01000  0.3272164E+03  0.3272164E+03  0.3272164E+03  0.0000000E+00  0.0000000E+00  0.0000000E+00
   1.06768   0.01000  0.3131054E+03  0.3131054E+03  0.3131054E+03  0.0000000E+00  0.0000000E+00  0.0000000E+00
   1.08333   0.01000  0.2997841E+03  0.2997841E+03  0.2997841E+03  0.0000000E+00  0.0000000E+00  0.0000000E+00
   1.09899   0.01000  0.2872502E+03  0.2872502E+03  0.2872501E+03  0.0000000E+00  0.0000000E+00  0.0000000E+00
   1.11465   0.01000  0.2754915E+03  0.2754915E+03  0.2754915E+03  0.0000000E+00  0.0000000E+00  0.0000000E+00
   1.13030   0.01000  0.2640605E+03  0.2640605E+03  0.2640605E+03  0.0000000E+00  0.0000000E+00  0.0000000E+00
   1.14596   0.01000  0.2535084E+03  0.2535084E+03  0.2535084E+03  0.0000000E+00  0.0000000E+00  0.0000000E+00
   1.16162   0.01000  0.2435364E+03  0.2435364E+03  0.2435364E+03  0.0000000E+00  0.0000000E+00  0.0000000E+00
   1.17727   0.01000  0.2343665E+03  0.2343665E+03  0.2343665E+03  0.0000000E+00  0.0000000E+00  0.0000000E+00
   1.19293   0.01000  0.2251078E+03  0.2251078E+03  0.2251078E+03  0.0000000E+00  0.0000000E+00  0.0000000E+00
   1.20859   0.01000  0.2165784E+03  0.2165784E+03  0.2165784E+03  0.0000000E+00  0.0000000E+00  0.0000000E+00
   1.22424   0.01000  0.2083919E+03  0.2083919E+03  0.2083919E+03  0.0000000E+00  0.0000000E+00  0.0000000E+00
   1.23990   0.01000  0.2006435E+03  0.2006435E+03  0.2006435E+03  0.0000000E+00  0.0000000E+00  0.0000000E+00
   1.25556   0.01000  0.1934141E+03  0.1934141E+03  0.1934141E+03  0.0000000E+00  0.0000000E+00  0.0000000E+00
   1.27121   0.01000  0.1861563E+03  0.1861563E+03  0.1861563E+03  0.0000000E+00  0.0000000E+00  0.0000000E+00
   1.28687   0.01000  0.1794628E+03  0.1794628E+03  0.1794628E+03  0.0000000E+00  0.0000000E+00  0.0000000E+00
   1.30253   0.01000  0.1732409E+03  0.1732409E+03  0.1732409E+03  0.0000000E+00  0.0000000E+00  0.0000000E+00
   1.31818   0.01000  0.1671439E+03  0.1671439E+03  0.1671439E+03  0.0000000E+00  0.0000000E+00  0.0000000E+00
   1.33384   0.01000  0.1614960E+03  0.1614960E+03  0.1614960E+03  0.0000000E+00  0.0000000E+00  0.0000000E+00
   1.34949   0.01000  0.1561353E+03  0.1561353E+03  0.1561353E+03  0.0000000E+00  0.0000000E+00  0.0000000E+00
   1.36515   0.01000  0.1509842E+03  0.1509842E+03  0.1509842E+03  0.0000000E+00  0.0000000E+00  0.0000000E+00
   1.38081   0.01000  0.1455970E+03  0.1455970E+03  0.1455970E+03  0.0000000E+00  0.0000000E+00  0.0000000E+00
   1.39646   0.01000  0.1409745E+03  0.1409745E+03  0.1409745E+03  0.0000000E+00  0.0000000E+00  0.0000000E+00
   1.41212   0.01000  0.1368712E+03  0.1368712E+03  0.1368712E+03  0.0000000E+00  0.0000000E+00  0.0000000E+00
   1.42778   0.01000  0.1322258E+03  0.1322258E+03  0.1322258E+03  0.0000000E+00  0.0000000E+00  0.0000000E+00
   1.44343   0.01000  0.1278568E+03  0.1278568E+03  0.1278568E+03  0.0000000E+00  0.0000000E+00  0.0000000E+00
   1.45909   0.01000  0.1237061E+03  0.1237061E+03  0.1237061E+03  0.0000000E+00  0.0000000E+00  0.0000000E+00
   1.47475   0.01000  0.1195972E+03  0.1195972E+03  0.1195972E+03  0.0000000E+00  0.0000000E+00  0.0000000E+00
   1.49040   0.01000  0.1160135E+03  0.1160135E+03  0.1160135E+03  0.0000000E+00  0.0000000E+00  0.0000000E+00
   1.50606   0.01000  0.1130874E+03  0.1130874E+03  0.1130874E+03  0.0000000E+00  0.0000000E+00  0.0000000E+00
   1.52172   0.01000  0.1100567E+03  0.1100567E+03  0.1100567E+03  0.0000000E+00  0.0000000E+00  0.0000000E+00
   1.53737   0.01000  0.1062881E+03  0.1062881E+03  0.1062881E+03  0.0000000E+00  0.0000000E+00  0.0000000E+00
   1.55303   0.01000  0.1032807E+03  0.1032807E+03  0.1032807E+03  0.0000000E+00  0.0000000E+00  0.0000000E+00
   1.56869   0.01000  0.9993353E+02  0.9993353E+02  0.9993353E+02  0.0000000E+00  0.0000000E+00  0.0000000E+00
   1.58434   0.01000  0.9700585E+02  0.9700585E+02  0.9700585E+02  0.0000000E+00  0.0000000E+00  0.0000000E+00
   1.60000   0.01000  0.9431027E+02  0.9431027E+02  0.9431027E+02  0.0000000E+00  0.0000000E+00  0.0000000E+00
