#  Re(w)     Im(w)    e11            e22            e33            e12            e13            e23
   0.05000   0.01000 -0.6743486E+07 -0.6743486E+07 -0.6743487E+07  0.0000000E+00  0.0000000E+00  0.0000000E+00
   0.06566   0.01000 -0.4111092E+07 -0.4111092E+07 -0.4111093E+07  0.0000000E+00  0.0000000E+00  0.0000000E+00
   0.08131   0.01000 -0.2745700E+07 -0.2745700E+07 -0.2745700E+07  0.0000000E+00  0.0000000E+00  0.0000000E+00
   0.09697   0.01000 -0.1956740E+07 -0.1956740E+07 -0.1956740E+07  0.0000000E+00  0.0000000E+00  0.0000000E+00
   0.11263   0.01000 -0.1462530E+07 -0.1462530E+07 -0.1462530E+07  0.0000000E+00  0.0000000E+00  0.0000000E+00
   0.12828   0.01000 -0.1133447E+07 -0.1133447E+07 -0.1133447E+07  0.0000000E+00  0.0000000E+00  0.0000000E+00
   0.14394   0.01000 -0.9036699E+06 -0.9036699E+06 -0.9036699E+06  0.0000000E+00  0.0000000E+00  0.0000000E+00
   0.15960   0.01000 -0.7370586E+06 -0.7370586E+06 -0.7370586E+06  0.0000000E+00  0.0000000E+00  0.0000000E+00
   0.17525   0.01000 -0.6124834E+06 -0.6124834E+06 -0.6124834E+06  0.0000000E+00  0.0000000E+00  0.0000000E+00
   0.19091   0.01000 -0.5169412E+06 -0.5169412E+06 -0.5169412E+06  0.0000000E+00  0.0000000E+00  0.0000000E+00
   0.20657   0.01000 -0.4420830E+06 -0.4420830E+06 -0.4420830E+06  0.0000000E+00  0.0000000E+00  0.0000000E+00
   0.22222   0.01000 -0.3823532E+06 -0.3823532E+06 -0.3823531E+06  0.0000000E+00  0.0000000E+00  0.0000000E+00
   0.23788   0.01000 -0.3339401E+06 -0.3339401E+06 -0.3339401E+06  0.0000000E+00  0.0000000E+00  0.0000000E+00
   0.25354   0.01000 -0.2941596E+06 -0.2941596E+06 -0.2941596E+06  0.0000000E+00  0.0000000E+00  0.0000000E+00
   0.26919   0.01000 -0.2610774E+06 -0.2610774E+06 -0.2610774E+06  0.0000000E+00  0.0000000E+00  0.0000000E+00
   0.28485   0.01000 -0.2332717E+06 -0.2332717E+06 -0.2332717E+06  0.0000000E+00  0.0000000E+00  0.0000000E+00
   0.30051   0.01000 -0.2096783E+06 -0.2096783E+06 -0.2096783E+06  0.0000000E+00  0.0000000E+00  0.0000000E+00
   0.31616   0.01000 -0.1894882E+06 -0.1894882E+06 -0.1894882E+06  0.0000000E+00  0.0000000E+00  0.0000000E+00
   0.33182   0.01000 -0.1720774E+06 -0.1720774E+06 -0.1720774E+06  0.0000000E+00  0.0000000E+00  0.0000000E+00
   0.34747   0.01000 -0.1569588E+06 -0.1569588E+06 -0.1569588E+06  0.0000000E+00  0.0000000E+00  0.0000000E+00
   0.36313   0.01000 -0.1437472E+06 -0.1437472E+06 -0.1437472E+06  0.0000000E+00  0.0000000E+00  0.0000000E+00
   0.37879   0.01000 -0.1321349E+06 -0.1321349E+06 -0.1321349E+06  0.0000000E+00  0.0000000E+00  0.0000000E+00
   0.39444   0.01000 -0.1218741E+06 -0.1218741E+06 -0.1218741E+06  0.0000000E+00  0.0000000E+00  0.0000000E+00
   0.41010   0.01000 -0.1127629E+06 -0.1127629E+06 -0.1127629E+06  0.0000000E+00  0.0000000E+00  0.0000000E+00
   0.42576   0.01000 -0.1046361E+06 -0.1046361E+06 -0.1046361E+06  0.0000000E+00  0.0000000E+00  0.0000000E+00
   0.44141   0.01000 -0.9735733E+05 -0.9735733E+05 -0.9735733E+05  0.0000000E+00  0.0000000E+00  0.0000000E+00
   0.45707   0.01000 -0.9081262E+05 -0.9081262E+05 -0.9081261E+05  0.0000000E+00  0.0000000E+00  0.0000000E+00
   0.47273   0.01000 -0.8490479E+05 -0.8490479E+05 -0.8490479E+05  0.0000000E+00  0.0000000E+00  0.0000000E+00
   0.48838   0.01000 -0.7955673E+05 -0.7955673E+05 -0.7955673E+05  0.0000000E+00  0.0000000E+00  0.0000000E+00
   0.50404   0.01000 -0.7469738E+05 -0.7469738E+05 -0.7469737E+05  0.0000000E+00  0.0000000E+00  0.0000000E+00
   0.51970   0.01000 -0.7027155E+05 -0.7027155E+05 -0.7027155E+05  0.0000000E+00  0.0000000E+00  0.0000000E+00
   0.53535   0.01000 -0.6622636E+05 -0.6622636E+05 -0.6622636E+05  0.0000000E+00  0.0000000E+00  0.0000000E+00
   0.55101   0.01000 -0.6252110E+05 -0.6252110E+05 -0.6252110E+05  0.0000000E+00  0.0000000E+00  0.0000000E+00
   0.56667   0.01000 -0.5911823E+05 -0.5911823E+05 -0.5911823E+05  0.0000000E+00  0.0000000E+00  0.0000000E+00
   0.58232   0.01000 -0.5598581E+05 -0.5598581E+05 -0.5598581E+05  0.0000000E+00  0.0000000E+00  0.0000000E+00
   0.59798   0.01000 -0.5309615E+05 -0.5309615E+05 -0.5309615E+05  0.0000000E+00  0.0000000E+00  0.0000000E+00
   0.61364   0.01000 -0.5042309E+05 -0.5042309E+05 -0.5042309E+05  0.0000000E+00  0.0000000E+00  0.0000000E+00
   0.62929   0.01000 -0.4794752E+05 -0.4794752E+05 -0.4794752E+05  0.0000000E+00  0.0000000E+00  0.0000000E+00
   0.64495   0.01000 -0.4565015E+05 -0.4565015E+05 -0.4565015E+05  0.0000000E+00  0.0000000E+00  0.0000000E+00
   0.66061   0.01000 -0.4351318E+05 -0.4351318E+05 -0.4351319E+05  0.0000000E+00  0.0000000E+00  0.0000000E+00
   0.67626   0.01000 -0.4152326E+05 -0.4152326E+05 -0.4152326E+05  0.0000000E+00  0.0000000E+00  0.0000000E+00
   0.69192   0.01000 -0.3966709E+05 -0.3966709E+05 -0.3966709E+05  0.0000000E+00  0.0000000E+00  0.0000000E+00
   0.70758   0.01000 -0.3793295E+05 -0.3793295E+05 -0.3793294E+05  0.0000000E+00  0.0000000E+00  0.0000000E+00
   0.72323   0.01000 -0.3630934E+05 -0.3630934E+05 -0.3630934E+05  0.0000000E+00  0.0000000E+00  0.0000000E+00
   0.73889   0.01000 -0.3478789E+05 -0.3478789E+05 -0.3478789E+05  0.0000000E+00  0.0000000E+00  0.0000000E+00
   0.75455   0.01000 -0.3336054E+05 -0.3336054E+05 -0.3336054E+05  0.0000000E+00  0.0000000E+00  0.0000000E+00
   0.77020   0.01000 -0.3201902E+05 -0.3201902E+05 -0.3201902E+05  0.0000000E+00  0.0000000E+00  0.0000000E+00
   0.78586   0.01000 -0.3075712E+05 -0.3075712E+05 -0.3075712E+05  0.0000000E+00  0.0000000E+00  0.0000000E+00
   0.80152   0.01000 -0.2956771E+05 -0.2956771E+05 -0.2956771E+05  0.0000000E+00  0.0000000E+00  0.0000000E+00
   0.81717   0.01000 -0.2844651E+05 -0.2844651E+05 -0.2844651E+05  0.0000000E+00  0.0000000E+00  0.0000000E+00
   0.83283   0.01000 -0.2738761E+05 -0.2738761E+05 -0.2738761E+05  0.0000000E+00  0.0000000E+00  0.0000000E+00
   0.84848   0.01000 -0.2638661E+05 -0.2638661E+05 -0.2638661E+05  0.0000000E+00  0.0000000E+00  0.0000000E+00
   0.86414   0.01000 -0.2543996E+05 -0.2543996E+05 -0.2543996E+05  0.0000000E+00  0.0000000E+00  0.0000000E+00
   0.87980   0.01000 -0.2454339E+05 -0.2454339E+05 -0.2454339E+05  0.0000000E+00  0.0000000E+00  0.0000000E+00
   0.89545   0.01000 -0.2369369E+05 -0.2369369E+05 -0.2369369E+05  0.0000000E+00  0.0000000E+00  0.0000000E+00
   0.91111   0.01000 -0.2288654E+05 -0.2288654E+05 -0.2288654E+05  0.0000000E+00  0.0000000E+00  0.0000000E+00
   0.92677   0.01000 -0.2211994E+05 -0.2211994E+05 -0.2211994E+05  0.0000000E+00  0.0000000E+00  0.0000000E+00
   0.94242   0.01000 -0.2139123E+05 -0.2139123E+05 -0.2139123E+05  0.0000000E+00  0.0000000E+00  0.0000000E+00
   0.95808   0.01000 -0.2069808E+05 -0.2069808E+05 -0.2069808E+05  0.0000000E+00  0.0000000E+00  0.0000000E+00
   0.97374   0.01000 -0.2003845E+05 -0.2003845E+05 -0.2003845E+05  0.0000000E+00  0.0000000E+00  0.0000000E+00
   0.98939   0.01000 -0.1940947E+05 -0.1940947E+05 -0.1940948E+05  0.0000000E+00  0.0000000E+00  0.0000000E+00
   1.00505   0.01000 -0.1880988E+05 -0.1880988E+05 -0.1880988E+05  0.0000000E+00  0.0000000E+00  0.0000000E+00
   1.02071   0.01000 -0.1823773E+05 -0.1823773E+05 -0.1823773E+05  0.0000000E+00  0.0000000E+00  0.0000000E+00
   1.03636   0.01000 -0.1769101E+05 -0.1769101E+05 -0.1769101E+05  0.0000000E+00  0.0000000E+00  0.0000000E+00
   1.05202   0.01000 -0.1716852E+05 -0.1716852E+05 -0.1716852E+05  0.0000000E+00  0.0000000E+00  0.0000000E+00
   1.06768   0.01000 -0.1666884E+05 -0.1666884E+05 -0.1666884E+05  0.0000000E+00  0.0000000E+00  0.0000000E+00
   1.08333   0.01000 -0.1619075E+05 -0.1619075E+05 -0.1619075E+05  0.0000000E+00  0.0000000E+00  0.0000000E+00
   1.09899   0.01000 -0.1573286E+05 -0.1573286E+05 -0.1573286E+05  0.0000000E+00  0.0000000E+00  0.0000000E+00
   1.11465   0.01000 -0.1529424E+05 -0.1529424E+05 -0.1529424E+05  0.0000000E+00  0.0000000E+00  0.0000000E+00
   1.13030   0.01000 -0.1487373E+05 -0.1487373E+05 -0.1487373E+05  0.0000000E+00  0.0000000E+00  0.0000000E+00
   1.14596   0.01000 -0.1447013E+05 -0.1447013E+05 -0.1447013E+05  0.0000000E+00  0.0000000E+00  0.0000000E+00
   1.16162   0.01000 -0.1408278E+05 -0.1408278E+05 -0.1408278E+05  0.0000000E+00  0.0000000E+00  0.0000000E+00
   1.17727   0.01000 -0.1371107E+05 -0.1371107E+05 -0.1371107E+05  0.0000000E+00  0.0000000E+00  0.0000000E+00
   1.19293   0.01000 -0.1335365E+05 -0.1335365E+05 -0.1335365E+05  0.0000000E+00  0.0000000E+00  0.0000000E+00
   1.20859   0.01000 -0.1301021E+05 -0.1301021E+05 -0.1301021E+05  0.0000000E+00  0.0000000E+00  0.0000000E+00
   1.22424   0.01000 -0.1267969E+05 -0.1267969E+05 -0.1267969E+05  0.0000000E+00  0.0000000E+00  0.0000000E+00
   1.23990   0.01000 -0.1236166E+05 -0.1236166E+05 -0.1236166E+05  0.0000000E+00  0.0000000E+00  0.0000000E+00
   1.25556   0.01000 -0.1205550E+05 -0.1205550E+05 -0.1205550E+05  0.0000000E+00  0.0000000E+00  0.0000000E+00
   1.27121   0.01000 -0.1176063E+05 -0.1176063E+05 -0.1176063E+05  0.0000000E+00  0.0000000E+00  0.0000000E+00
   1.28687   0.01000 -0.1147608E+05 -0.1147608E+05 -0.1147609E+05  0.0000000E+00  0.0000000E+00  0.0000000E+00
   1.30253   0.01000 -0.1120206E+05 -0.1120206E+05 -0.1120206E+05  0.0000000E+00  0.0000000E+00  0.0000000E+00
   1.31818   0.01000 -0.1093753E+05 -0.1093753E+05 -0.1093753E+05  0.0000000E+00  0.0000000E+00  0.0000000E+00
   1.33384   0.01000 -0.1068238E+05 -0.1068238E+05 -0.1068238E+05  0.0000000E+00  0.0000000E+00  0.0000000E+00
   1.34949   0.01000 -0.1043605E+05 -0.1043605E+05 -0.1043605E+05  0.0000000E+00  0.0000000E+00  0.0000000E+00
   1.36515   0.01000 -0.1019844E+05 -0.1019844E+05 -0.1019844E+05  0.0000000E+00  0.0000000E+00  0.0000000E+00
   1.38081   0.01000 -0.9968606E+04 -0.9968606E+04 -0.9968606E+04  0.0000000E+00  0.0000000E+00  0.0000000E+00
   1.39646   0.01000 -0.9746073E+04 -0.9746073E+04 -0.9746073E+04  0.0000000E+00  0.0000000E+00  0.0000000E+00
   1.41212   0.01000 -0.9531432E+04 -0.9531432E+04 -0.9531431E+04  0.0000000E+00  0.0000000E+00  0.0000000E+00
   1.42778   0.01000 -0.9324131E+04 -0.9324131E+04 -0.9324131E+04  0.0000000E+00  0.0000000E+00  0.0000000E+00
   1.44343   0.01000 -0.9123010E+04 -0.9123010E+04 -0.9123010E+04  0.0000000E+00  0.0000000E+00  0.0000000E+00
   1.45909   0.01000 -0.8928414E+04 -0.8928414E+04 -0.8928414E+04  0.0000000E+00  0.0000000E+00  0.0000000E+00
   1.47475   0.01000 -0.8739755E+04 -0.8739755E+04 -0.8739755E+04  0.0000000E+00  0.0000000E+00  0.0000000E+00
   1.49040   0.01000 -0.8556773E+04 -0.8556773E+04 -0.8556773E+04  0.0000000E+00  0.0000000E+00  0.0000000E+00
   1.50606   0.01000 -0.8379717E+04 -0.8379717E+04 -0.8379717E+04  0.0000000E+00  0.0000000E+00  0.0000000E+00
   1.52172   0.01000 -0.8209124E+04 -0.8209124E+04 -0.8209124E+04  0.0000000E+00  0.0000000E+00  0.0000000E+00
   1.53737   0.01000 -0.8042854E+04 -0.8042854E+04 -0.8042853E+04  0.0000000E+00  0.0000000E+00  0.0000000E+00
   1.55303   0.01000 -0.7881735E+04 -0.7881735E+04 -0.7881735E+04  0.0000000E+00  0.0000000E+00  0.0000000E+00
   1.56869   0.01000 -0.7725460E+04 -0.7725460E+04 -0.7725460E+04  0.0000000E+00  0.0000000E+00  0.0000000E+00
   1.58434   0.01000 -0.7573476E+04 -0.7573476E+04 -0.7573476E+04  0.0000000E+00  0.0000000E+00  0.0000000E+00
   1.60000   0.01000 -0.7425912E+04 -0.7425912E+04 -0.7425912E+04  0.0000000E+00  0.0000000E+00  0.0000000E+00
