#  Re(w)     Im(w)  em111          em122          em133          em112          em113          em123
   0.05000   0.01000 -0.5264799E-07 -0.5264799E-07 -0.5264799E-07  0.0000000E+00  0.0000000E+00  0.0000000E+00
   0.06566   0.01000 -0.6913286E-07 -0.6913286E-07 -0.6913286E-07  0.0000000E+00  0.0000000E+00  0.0000000E+00
   0.08131   0.01000 -0.8561723E-07 -0.8561723E-07 -0.8561723E-07  0.0000000E+00  0.0000000E+00  0.0000000E+00
   0.09697   0.01000 -0.1021012E-06 -0.1021012E-06 -0.1021012E-06  0.0000000E+00  0.0000000E+00  0.0000000E+00
   0.11263   0.01000 -0.1185849E-06 -0.1185849E-06 -0.1185849E-06  0.0000000E+00  0.0000000E+00  0.0000000E+00
   0.12828   0.01000 -0.1350679E-06 -0.1350679E-06 -0.1350679E-06  0.0000000E+00  0.0000000E+00  0.0000000E+00
   0.14394   0.01000 -0.1515509E-06 -0.1515509E-06 -0.1515509E-06  0.0000000E+00  0.0000000E+00  0.0000000E+00
   0.15960   0.01000 -0.1680336E-06 -0.1680336E-06 -0.1680336E-06  0.0000000E+00  0.0000000E+00  0.0000000E+00
   0.17525   0.01000 -0.1845159E-06 -0.1845159E-06 -0.1845159E-06  0.0000000E+00  0.0000000E+00  0.0000000E+00
   0.19091   0.01000 -0.2009982E-06 -0.2009982E-06 -0.2009982E-06  0.0000000E+00  0.0000000E+00  0.0000000E+00
   0.20657   0.01000 -0.2174799E-06 -0.2174799E-06 -0.2174799E-06  0.0000000E+00  0.0000000E+00  0.0000000E+00
   0.22222   0.01000 -0.2339613E-06 -0.2339613E-06 -0.2339613E-06  0.0000000E+00  0.0000000E+00  0.0000000E+00
   0.23788   0.01000 -0.2504429E-06 -0.2504429E-06 -0.2504428E-06  0.0000000E+00  0.0000000E+00  0.0000000E+00
   0.25354   0.01000 -0.2669239E-06 -0.2669239E-06 -0.2669239E-06  0.0000000E+00  0.0000000E+00  0.0000000E+00
   0.26919   0.01000 -0.2834050E-06 -0.2834050E-06 -0.2834050E-06  0.0000000E+00  0.0000000E+00  0.0000000E+00
   0.28485   0.01000 -0.2998858E-06 -0.2998858E-06 -0.2998859E-06  0.0000000E+00  0.0000000E+00  0.0000000E+00
   0.30051   0.01000 -0.3163670E-06 -0.3163670E-06 -0.3163670E-06  0.0000000E+00  0.0000000E+00  0.0000000E+00
   0.31616   0.01000 -0.3328488E-06 -0.3328488E-06 -0.3328488E-06  0.0000000E+00  0.0000000E+00  0.0000000E+00
   0.33182   0.01000 -0.3493317E-06 -0.3493317E-06 -0.3493317E-06  0.0000000E+00  0.0000000E+00  0.0000000E+00
   0.34747   0.01000 -0.3658177E-06 -0.3658177E-06 -0.3658176E-06  0.0000000E+00  0.0000000E+00  0.0000000E+00
   0.36313   0.01000 -0.3823013E-06 -0.3823013E-06 -0.3823013E-06  0.0000000E+00  0.0000000E+00  0.0000000E+00
   0.37879   0.01000 -0.3987923E-06 -0.3987923E-06 -0.3987923E-06  0.0000000E+00  0.0000000E+00  0.0000000E+00
   0.39444   0.01000 -0.4152922E-06 -0.4152922E-06 -0.4152922E-06  0.0000000E+00  0.0000000E+00  0.0000000E+00
   0.41010   0.01000 -0.4318176E-06 -0.4318176E-06 -0.4318176E-06  0.0000000E+00  0.0000000E+00  0.0000000E+00
   0.42576   0.01000 -0.4483948E-06 -0.4483948E-06 -0.4483948E-06  0.0000000E+00  0.0000000E+00  0.0000000E+00
   0.44141   0.01000 -0.4649787E-06 -0.4649787E-06 -0.4649788E-06  0.0000000E+00  0.0000000E+00  0.0000000E+00
   0.45707   0.01000 -0.4814651E-06 -0.4814651E-06 -0.4814651E-06  0.0000000E+00  0.0000000E+00  0.0000000E+00
   0.47273   0.01000 -0.4980859E-06 -0.4980859E-06 -0.4980859E-06  0.0000000E+00  0.0000000E+00  0.0000000E+00
   0.48838   0.01000 -0.5147662E-06 -0.5147662E-06 -0.5147661E-06  0.0000000E+00  0.0000000E+00  0.0000000E+00
   0.50404   0.01000 -0.5313527E-06 -0.5313527E-06 -0.5313528E-06  0.0000000E+00  0.0000000E+00  0.0000000E+00
   0.51970   0.01000 -0.5479079E-06 -0.5479079E-06 -0.5479079E-06  0.0000000E+00  0.0000000E+00  0.0000000E+00
   0.53535   0.01000 -0.5644900E-06 -0.5644900E-06 -0.5644900E-06  0.0000000E+00  0.0000000E+00  0.0000000E+00
   0.55101   0.01000 -0.5809170E-06 -0.5809170E-06 -0.5809169E-06  0.0000000E+00  0.0000000E+00  0.0000000E+00
   0.56667   0.01000 -0.5975727E-06 -0.5975727E-06 -0.5975727E-06  0.0000000E+00  0.0000000E+00  0.0000000E+00
   0.58232   0.01000 -0.6140019E-06 -0.6140019E-06 -0.6140018E-06  0.0000000E+00  0.0000000E+00  0.0000000E+00
   0.59798   0.01000 -0.6302524E-06 -0.6302524E-06 -0.6302524E-06  0.0000000E+00  0.0000000E+00  0.0000000E+00
   0.61364   0.01000 -0.6465602E-06 -0.6465602E-06 -0.6465602E-06  0.0000000E+00  0.0000000E+00  0.0000000E+00
   0.62929   0.01000 -0.6632393E-06 -0.6632393E-06 -0.6632393E-06  0.0000000E+00  0.0000000E+00  0.0000000E+00
   0.64495   0.01000 -0.6795610E-06 -0.6795610E-06 -0.6795610E-06  0.0000000E+00  0.0000000E+00  0.0000000E+00
   0.66061   0.01000 -0.6960967E-06 -0.6960967E-06 -0.6960967E-06  0.0000000E+00  0.0000000E+00  0.0000000E+00
   0.67626   0.01000 -0.7128299E-06 -0.7128299E-06 -0.7128299E-06  0.0000000E+00  0.0000000E+00  0.0000000E+00
   0.69192   0.01000 -0.7296332E-06 -0.7296332E-06 -0.7296332E-06  0.0000000E+00  0.0000000E+00  0.0000000E+00
   0.70758   0.01000 -0.7460908E-06 -0.7460908E-06 -0.7460908E-06  0.0000000E+00  0.0000000E+00  0.0000000E+00
   0.72323   0.01000 -0.7623794E-06 -0.7623794E-06 -0.7623795E-06  0.0000000E+00  0.0000000E+00  0.0000000E+00
   0.73889   0.01000 -0.7791773E-06 -0.7791773E-06 -0.7791773E-06  0.0000000E+00  0.0000000E+00  0.0000000E+00
   0.75455   0.01000 -0.7956741E-06 -0.7956741E-06 -0.7956741E-06  0.0000000E+00  0.0000000E+00  0.0000000E+00
   0.77020   0.01000 -0.8123595E-06 -0.8123595E-06 -0.8123595E-06  0.0000000E+00  0.0000000E+00  0.0000000E+00
   0.78586   0.01000 -0.8287211E-06 -0.8287211E-06 -0.8287212E-06  0.0000000E+00  0.0000000E+00  0.0000000E+00
   0.80152   0.01000 -0.8451460E-06 -0.8451460E-06 -0.8451460E-06  0.0000000E+00  0.0000000E+00  0.0000000E+00
   0.81717   0.01000 -0.8618453E-06 -0.8618453E-06 -0.8618453E-06  0.0000000E+00  0.0000000E+00  0.0000000E+00
   0.83283   0.01000 -0.8782208E-06 -0.8782208E-06 -0.8782208E-06  0.0000000E+00  0.0000000E+00  0.0000000E+00
   0.84848   0.01000 -0.8947924E-06 -0.8947924E-06 -0.8947923E-06  0.0000000E+00  0.0000000E+00  0.0000000E+00
   0.86414   0.01000 -0.9121791E-06 -0.9121791E-06 -0.9121791E-06  0.0000000E+00  0.0000000E+00  0.0000000E+00
   0.87980   0.01000 -0.9286222E-06 -0.9286222E-06 -0.9286221E-06  0.0000000E+00  0.0000000E+00  0.0000000E+00
   0.89545   0.01000 -0.9444858E-06 -0.9444858E-06 -0.9444858E-06  0.0000000E+00  0.0000000E+00  0.0000000E+00
   0.91111   0.01000 -0.9601396E-06 -0.9601396E-06 -0.9601396E-06  0.0000000E+00  0.0000000E+00  0.0000000E+00
   0.92677   0.01000 -0.9765846E-06 -0.9765846E-06 -0.9765846E-06  0.0000000E+00  0.0000000E+00  0.0000000E+00
   0.94242   0.01000 -0.9934503E-06 -0.9934503E-06 -0.9934502E-06  0.0000000E+00  0.0000000E+00  0.0000000E+00
   0.95808   0.01000 -0.1010482E-05 -0.1010482E-05 -0.1010482E-05  0.0000000E+00  0.0000000E+00  0.0000000E+00
   0.97374   0.01000 -0.1027172E-05 -0.1027172E-05 -0.1027172E-05  0.0000000E+00  0.0000000E+00  0.0000000E+00
   0.98939   0.01000 -0.1043676E-05 -0.1043676E-05 -0.1043676E-05  0.0000000E+00  0.0000000E+00  0.0000000E+00
   1.00505   0.01000 -0.1060890E-05 -0.1060890E-05 -0.1060890E-05  0.0000000E+00  0.0000000E+00  0.0000000E+00
   1.02071   0.01000 -0.1076931E-05 -0.1076931E-05 -0.1076931E-05  0.0000000E+00  0.0000000E+00  0.0000000E+00
   1.03636   0.01000 -0.1093203E-05 -0.1093203E-05 -0.1093203E-05  0.0000000E+00  0.0000000E+00  0.0000000E+00
   1.05202   0.01000 -0.1109716E-05 -0.1109716E-05 -0.1109716E-05  0.0000000E+00  0.0000000E+00  0.0000000E+00
   1.06768   0.01000 -0.1126488E-05 -0.1126488E-05 -0.1126488E-05  0.0000000E+00  0.0000000E+00  0.0000000E+00
   1.08333   0.01000 -0.1143209E-05 -0.1143209E-05 -0.1143209E-05  0.0000000E+00  0.0000000E+00  0.0000000E+00
   1.09899   0.01000 -0.1160112E-05 -0.1160112E-05 -0.1160112E-05  0.0000000E+00  0.0000000E+00  0.0000000E+00
   1.11465   0.01000 -0.1177366E-05 -0.1177366E-05 -0.1177366E-05  0.0000000E+00  0.0000000E+00  0.0000000E+00
   1.13030   0.01000 -0.1193237E-05 -0.1193237E-05 -0.1193237E-05  0.0000000E+00  0.0000000E+00  0.0000000E+00
   1.14596   0.01000 -0.1210360E-05 -0.1210360E-05 -0.1210360E-05  0.0000000E+00  0.0000000E+00  0.0000000E+00
   1.16162   0.01000 -0.1227600E-05 -0.1227600E-05 -0.1227600E-05  0.0000000E+00  0.0000000E+00  0.0000000E+00
   1.17727   0.01000 -0.1246310E-05 -0.1246310E-05 -0.1246310E-05  0.0000000E+00  0.0000000E+00  0.0000000E+00
   1.19293   0.01000 -0.1262024E-05 -0.1262024E-05 -0.1262024E-05  0.0000000E+00  0.0000000E+00  0.0000000E+00
   1.20859   0.01000 -0.1279164E-05 -0.1279164E-05 -0.1279164E-05  0.0000000E+00  0.0000000E+00  0.0000000E+00
   1.22424   0.01000 -0.1295825E-05 -0.1295825E-05 -0.1295825E-05  0.0000000E+00  0.0000000E+00  0.0000000E+00
   1.23990   0.01000 -0.1312675E-05 -0.1312675E-05 -0.1312675E-05  0.0000000E+00  0.0000000E+00  0.0000000E+00
   1.25556   0.01000 -0.1330471E-05 -0.1330471E-05 -0.1330471E-05  0.0000000E+00  0.0000000E+00  0.0000000E+00
   1.27121   0.01000 -0.1345575E-05 -0.1345575E-05 -0.1345576E-05  0.0000000E+00  0.0000000E+00  0.0000000E+00
   1.28687   0.01000 -0.1362325E-05 -0.1362325E-05 -0.1362325E-05  0.0000000E+00  0.0000000E+00  0.0000000E+00
   1.30253   0.01000 -0.1380228E-05 -0.1380228E-05 -0.1380228E-05  0.0000000E+00  0.0000000E+00  0.0000000E+00
   1.31818   0.01000 -0.1396851E-05 -0.1396851E-05 -0.1396851E-05  0.0000000E+00  0.0000000E+00  0.0000000E+00
   1.33384   0.01000 -0.1414903E-05 -0.1414903E-05 -0.1414903E-05  0.0000000E+00  0.0000000E+00  0.0000000E+00
   1.34949   0.01000 -0.1433282E-05 -0.1433282E-05 -0.1433282E-05  0.0000000E+00  0.0000000E+00  0.0000000E+00
   1.36515   0.01000 -0.1451340E-05 -0.1451340E-05 -0.1451340E-05  0.0000000E+00  0.0000000E+00  0.0000000E+00
   1.38081   0.01000 -0.1464842E-05 -0.1464842E-05 -0.1464842E-05  0.0000000E+00  0.0000000E+00  0.0000000E+00
   1.39646   0.01000 -0.1483851E-05 -0.1483851E-05 -0.1483851E-05  0.0000000E+00  0.0000000E+00  0.0000000E+00
   1.41212   0.01000 -0.1506282E-05 -0.1506282E-05 -0.1506282E-05  0.0000000E+00  0.0000000E+00  0.0000000E+00
   1.42778   0.01000 -0.1520591E-05 -0.1520591E-05 -0.1520591E-05  0.0000000E+00  0.0000000E+00  0.0000000E+00
   1.44343   0.01000 -0.1535897E-05 -0.1535897E-05 -0.1535897E-05  0.0000000E+00  0.0000000E+00  0.0000000E+00
   1.45909   0.01000 -0.1551526E-05 -0.1551526E-05 -0.1551526E-05  0.0000000E+00  0.0000000E+00  0.0000000E+00
   1.47475   0.01000 -0.1565458E-05 -0.1565458E-05 -0.1565458E-05  0.0000000E+00  0.0000000E+00  0.0000000E+00
   1.49040   0.01000 -0.1584195E-05 -0.1584195E-05 -0.1584195E-05  0.0000000E+00  0.0000000E+00  0.0000000E+00
   1.50606   0.01000 -0.1610188E-05 -0.1610188E-05 -0.1610188E-05  0.0000000E+00  0.0000000E+00  0.0000000E+00
   1.52172   0.01000 -0.1632845E-05 -0.1632845E-05 -0.1632845E-05  0.0000000E+00  0.0000000E+00  0.0000000E+00
   1.53737   0.01000 -0.1642814E-05 -0.1642814E-05 -0.1642814E-05  0.0000000E+00  0.0000000E+00  0.0000000E+00
   1.55303   0.01000 -0.1662267E-05 -0.1662267E-05 -0.1662267E-05  0.0000000E+00  0.0000000E+00  0.0000000E+00
   1.56869   0.01000 -0.1674133E-05 -0.1674133E-05 -0.1674133E-05  0.0000000E+00  0.0000000E+00  0.0000000E+00
   1.58434   0.01000 -0.1690971E-05 -0.1690971E-05 -0.1690971E-05  0.0000000E+00  0.0000000E+00  0.0000000E+00
   1.60000   0.01000 -0.1709973E-05 -0.1709973E-05 -0.1709973E-05  0.0000000E+00  0.0000000E+00  0.0000000E+00
