# Im(w)=  0.1000000E-01 Ry
# Re(w) (Ry)      lambda         e1             e2          n              k              R         alpha (cm^-1)
  0.5000000E-01  0.1822534E+04 -0.6743486E+07  0.2809802E+07  0.5300770E+03  0.2650371E+04  0.9997098E+00  0.1827431E+09
  0.6565657E-01  0.1387930E+04 -0.4111092E+07  0.1282051E+07  0.3124639E+03  0.2051518E+04  0.9997098E+00  0.1857452E+09
  0.8131313E-01  0.1120689E+04 -0.2745700E+07  0.6857146E+06  0.2053419E+03  0.1669690E+04  0.9997098E+00  0.1872237E+09
  0.9696970E-01  0.9397441E+03 -0.1956740E+07  0.4079179E+06  0.1450289E+03  0.1406333E+04  0.9997098E+00  0.1880566E+09
  0.1126263E+00  0.8091071E+03 -0.1462530E+07  0.2617789E+06  0.1078036E+03  0.1214147E+04  0.9997098E+00  0.1885710E+09
  0.1282828E+00  0.7103578E+03 -0.1133447E+07  0.1777916E+06  0.8324479E+02  0.1067884E+04  0.9997098E+00  0.1889109E+09
  0.1439394E+00  0.6330908E+03 -0.9036699E+06  0.1261720E+06  0.6620296E+02  0.9529180E+03  0.9997098E+00  0.1891470E+09
  0.1595960E+00  0.5709838E+03 -0.7370586E+06  0.9273005E+05  0.5389957E+02  0.8602115E+03  0.9997098E+00  0.1893177E+09
  0.1752525E+00  0.5199737E+03 -0.6124834E+06  0.7012593E+05  0.4472942E+02  0.7838904E+03  0.9997098E+00  0.1894453E+09
  0.1909091E+00  0.4773304E+03 -0.5169412E+06  0.5430514E+05  0.3771323E+02  0.7199747E+03  0.9997098E+00  0.1895431E+09
  0.2065657E+00  0.4411513E+03 -0.4420830E+06  0.4290404E+05  0.3222602E+02  0.6656738E+03  0.9997098E+00  0.1896198E+09
  0.2222222E+00  0.4100702E+03 -0.3823532E+06  0.3448190E+05  0.2785407E+02  0.6189742E+03  0.9997098E+00  0.1896812E+09
  0.2378788E+00  0.3830804E+03 -0.3339401E+06  0.2812651E+05  0.2431462E+02  0.5783868E+03  0.9997098E+00  0.1897310E+09
  0.2535354E+00  0.3594241E+03 -0.2941596E+06  0.2324107E+05  0.2140901E+02  0.5427872E+03  0.9997098E+00  0.1897721E+09
  0.2691919E+00  0.3385195E+03 -0.2610774E+06  0.1942422E+05  0.1899455E+02  0.5113103E+03  0.9997098E+00  0.1898064E+09
  0.2848485E+00  0.3199129E+03 -0.2332717E+06  0.1639914E+05  0.1696650E+02  0.4832800E+03  0.9997098E+00  0.1898353E+09
  0.3005051E+00  0.3032452E+03 -0.2096783E+06  0.1397082E+05  0.1524665E+02  0.4581602E+03  0.9997098E+00  0.1898599E+09
  0.3161616E+00  0.2882282E+03 -0.1894882E+06  0.1199911E+05  0.1377561E+02  0.4355203E+03  0.9997098E+00  0.1898811E+09
  0.3318182E+00  0.2746284E+03 -0.1720774E+06  0.1038158E+05  0.1250761E+02  0.4150107E+03  0.9997098E+00  0.1898994E+09
  0.3474747E+00  0.2622542E+03 -0.1569588E+06  0.9042221E+04  0.1140702E+02  0.3963445E+03  0.9997098E+00  0.1899154E+09
  0.3631313E+00  0.2509470E+03 -0.1437472E+06  0.7923589E+04  0.1044546E+02  0.3792839E+03  0.9997098E+00  0.1899294E+09
  0.3787879E+00  0.2405745E+03 -0.1321349E+06  0.6982208E+04  0.9600694E+01  0.3636304E+03  0.9997098E+00  0.1899418E+09
  0.3944444E+00  0.2310254E+03 -0.1218741E+06  0.6184340E+04  0.8854582E+01  0.3492170E+03  0.9997098E+00  0.1899527E+09
  0.4101010E+00  0.2222055E+03 -0.1127629E+06  0.5503847E+04  0.8192642E+01  0.3359018E+03  0.9997098E+00  0.1899623E+09
  0.4257576E+00  0.2140343E+03 -0.1046361E+06  0.4920202E+04  0.7603126E+01  0.3235644E+03  0.9997097E+00  0.1899710E+09
  0.4414141E+00  0.2064426E+03 -0.9735733E+05  0.4416346E+04  0.7075175E+01  0.3121016E+03  0.9997097E+00  0.1899793E+09
  0.4570707E+00  0.1993711E+03 -0.9081262E+05  0.3978229E+04  0.6599068E+01  0.3014236E+03  0.9997097E+00  0.1899874E+09
  0.4727273E+00  0.1927680E+03 -0.8490479E+05  0.3597058E+04  0.6170977E+01  0.2914496E+03  0.9997096E+00  0.1899933E+09
  0.4883838E+00  0.1865883E+03 -0.7955673E+05  0.3263578E+04  0.5784080E+01  0.2821173E+03  0.9997095E+00  0.1900007E+09
  0.5040404E+00  0.1807925E+03 -0.7469738E+05  0.2969473E+04  0.5431390E+01  0.2733622E+03  0.9997094E+00  0.1900063E+09
  0.5196970E+00  0.1753458E+03 -0.7027155E+05  0.2709642E+04  0.5109889E+01  0.2651371E+03  0.9997094E+00  0.1900137E+09
  0.5353535E+00  0.1702178E+03 -0.6622636E+05  0.2479284E+04  0.4816203E+01  0.2573899E+03  0.9997094E+00  0.1900187E+09
  0.5510101E+00  0.1653812E+03 -0.6252110E+05  0.2273743E+04  0.4545967E+01  0.2500835E+03  0.9997094E+00  0.1900242E+09
  0.5666667E+00  0.1608118E+03 -0.5911823E+05  0.2091109E+04  0.4299500E+01  0.2431804E+03  0.9997093E+00  0.1900293E+09
  0.5823232E+00  0.1564882E+03 -0.5598581E+05  0.1926814E+04  0.4071050E+01  0.2366482E+03  0.9997094E+00  0.1900341E+09
  0.5979798E+00  0.1523909E+03 -0.5309615E+05  0.1778802E+04  0.3859271E+01  0.2304583E+03  0.9997095E+00  0.1900392E+09
  0.6136364E+00  0.1485028E+03 -0.5042309E+05  0.1645623E+04  0.3663766E+01  0.2245808E+03  0.9997096E+00  0.1900412E+09
  0.6292929E+00  0.1448081E+03 -0.4794752E+05  0.1526309E+04  0.3484772E+01  0.2189969E+03  0.9997095E+00  0.1900444E+09
  0.6449495E+00  0.1412928E+03 -0.4565015E+05  0.1417527E+04  0.3316867E+01  0.2136847E+03  0.9997096E+00  0.1900480E+09
  0.6606061E+00  0.1379441E+03 -0.4351318E+05  0.1319199E+04  0.3161695E+01  0.2086221E+03  0.9997095E+00  0.1900496E+09
  0.6762626E+00  0.1347505E+03 -0.4152326E+05  0.1230126E+04  0.3018050E+01  0.2037949E+03  0.9997094E+00  0.1900522E+09
  0.6919192E+00  0.1317014E+03 -0.3966709E+05  0.1149025E+04  0.2884290E+01  0.1991869E+03  0.9997093E+00  0.1900554E+09
  0.7075758E+00  0.1287872E+03 -0.3793295E+05  0.1074417E+04  0.2757981E+01  0.1947833E+03  0.9997093E+00  0.1900592E+09
  0.7232323E+00  0.1259992E+03 -0.3630934E+05  0.1005868E+04  0.2639127E+01  0.1905684E+03  0.9997094E+00  0.1900609E+09
  0.7388889E+00  0.1233294E+03 -0.3478789E+05  0.9436521E+03  0.2529461E+01  0.1865323E+03  0.9997093E+00  0.1900629E+09
  0.7545455E+00  0.1207703E+03 -0.3336054E+05  0.8861511E+03  0.2425621E+01  0.1826648E+03  0.9997093E+00  0.1900660E+09
  0.7702020E+00  0.1183153E+03 -0.3201902E+05  0.8334093E+03  0.2328561E+01  0.1789537E+03  0.9997093E+00  0.1900683E+09
  0.7858586E+00  0.1159581E+03 -0.3075712E+05  0.7844807E+03  0.2236372E+01  0.1753913E+03  0.9997093E+00  0.1900714E+09
  0.8015152E+00  0.1136931E+03 -0.2956771E+05  0.7393304E+03  0.2149640E+01  0.1719661E+03  0.9997093E+00  0.1900723E+09
  0.8171717E+00  0.1115148E+03 -0.2844651E+05  0.6978282E+03  0.2068575E+01  0.1686736E+03  0.9997093E+00  0.1900749E+09
  0.8328283E+00  0.1094184E+03 -0.2738761E+05  0.6591184E+03  0.1991246E+01  0.1655040E+03  0.9997093E+00  0.1900764E+09
  0.8484848E+00  0.1073993E+03 -0.2638661E+05  0.6233498E+03  0.1918579E+01  0.1624509E+03  0.9997093E+00  0.1900774E+09
  0.8641414E+00  0.1054535E+03 -0.2543996E+05  0.5906729E+03  0.1851525E+01  0.1595098E+03  0.9997090E+00  0.1900800E+09
  0.8797980E+00  0.1035769E+03 -0.2454339E+05  0.5596724E+03  0.1786111E+01  0.1566735E+03  0.9997090E+00  0.1900827E+09
  0.8954545E+00  0.1017659E+03 -0.2369369E+05  0.5304917E+03  0.1723078E+01  0.1539372E+03  0.9997092E+00  0.1900865E+09
  0.9111111E+00  0.1000171E+03 -0.2288654E+05  0.5031580E+03  0.1662869E+01  0.1512921E+03  0.9997095E+00  0.1900867E+09
  0.9267677E+00  0.9832745E+02 -0.2211994E+05  0.4780579E+03  0.1607064E+01  0.1487364E+03  0.9997095E+00  0.1900870E+09
  0.9424242E+00  0.9669393E+02 -0.2139123E+05  0.4547931E+03  0.1554682E+01  0.1462657E+03  0.9997094E+00  0.1900873E+09
  0.9580808E+00  0.9511380E+02 -0.2069808E+05  0.4330905E+03  0.1505081E+01  0.1438761E+03  0.9997093E+00  0.1900882E+09
  0.9737374E+00  0.9358448E+02 -0.2003845E+05  0.4126247E+03  0.1457371E+01  0.1415647E+03  0.9997092E+00  0.1900908E+09
  0.9893939E+00  0.9210356E+02 -0.1940947E+05  0.3933430E+03  0.1411602E+01  0.1393250E+03  0.9997092E+00  0.1900915E+09
  0.1005051E+01  0.9066878E+02 -0.1880988E+05  0.3755046E+03  0.1368896E+01  0.1371559E+03  0.9997090E+00  0.1900933E+09
  0.1020707E+01  0.8927802E+02 -0.1823773E+05  0.3583416E+03  0.1326664E+01  0.1350537E+03  0.9997091E+00  0.1900954E+09
  0.1036364E+01  0.8792928E+02 -0.1769101E+05  0.3422698E+03  0.1286595E+01  0.1330138E+03  0.9997092E+00  0.1900960E+09
  0.1052020E+01  0.8662068E+02 -0.1716852E+05  0.3272164E+03  0.1248587E+01  0.1310346E+03  0.9997092E+00  0.1900966E+09
  0.1067677E+01  0.8535046E+02 -0.1666884E+05  0.3131054E+03  0.1212520E+01  0.1291136E+03  0.9997091E+00  0.1900973E+09
  0.1083333E+01  0.8411696E+02 -0.1619075E+05  0.2997841E+03  0.1177949E+01  0.1272483E+03  0.9997091E+00  0.1900984E+09
  0.1098990E+01  0.8291860E+02 -0.1573286E+05  0.2872502E+03  0.1145007E+01  0.1254359E+03  0.9997090E+00  0.1900990E+09
  0.1114646E+01  0.8175391E+02 -0.1529424E+05  0.2754915E+03  0.1113773E+01  0.1236749E+03  0.9997088E+00  0.1901003E+09
  0.1130303E+01  0.8062148E+02 -0.1487373E+05  0.2640605E+03  0.1082546E+01  0.1219627E+03  0.9997090E+00  0.1901018E+09
  0.1145960E+01  0.7952000E+02 -0.1447013E+05  0.2535084E+03  0.1053682E+01  0.1202965E+03  0.9997088E+00  0.1901018E+09
  0.1161616E+01  0.7844821E+02 -0.1408278E+05  0.2435364E+03  0.1026061E+01  0.1186753E+03  0.9997087E+00  0.1901023E+09
  0.1177273E+01  0.7740492E+02 -0.1371107E+05  0.2343665E+03  0.1000724E+01  0.1170985E+03  0.9997082E+00  0.1901047E+09
  0.1192929E+01  0.7638902E+02 -0.1335365E+05  0.2251078E+03  0.9739694E+00  0.1155621E+03  0.9997084E+00  0.1901053E+09
  0.1208586E+01  0.7539945E+02 -0.1301021E+05  0.2165784E+03  0.9493536E+00  0.1140663E+03  0.9997082E+00  0.1901073E+09
  0.1224242E+01  0.7443518E+02 -0.1267969E+05  0.2083919E+03  0.9252986E+00  0.1126079E+03  0.9997082E+00  0.1901081E+09
  0.1239899E+01  0.7349527E+02 -0.1236166E+05  0.2006435E+03  0.9022822E+00  0.1111867E+03  0.9997081E+00  0.1901092E+09
  0.1255556E+01  0.7257879E+02 -0.1205550E+05  0.1934141E+03  0.8807476E+00  0.1098011E+03  0.9997079E+00  0.1901108E+09
  0.1271212E+01  0.7168489E+02 -0.1176063E+05  0.1861563E+03  0.8582601E+00  0.1084498E+03  0.9997082E+00  0.1901127E+09
  0.1286869E+01  0.7081275E+02 -0.1147608E+05  0.1794628E+03  0.8375956E+00  0.1071298E+03  0.9997082E+00  0.1901116E+09
  0.1302525E+01  0.6996156E+02 -0.1120206E+05  0.1732409E+03  0.8183867E+00  0.1058429E+03  0.9997079E+00  0.1901132E+09
  0.1318182E+01  0.6913060E+02 -0.1093753E+05  0.1671439E+03  0.7990759E+00  0.1045857E+03  0.9997079E+00  0.1901130E+09
  0.1333838E+01  0.6831915E+02 -0.1068238E+05  0.1614960E+03  0.7812417E+00  0.1033585E+03  0.9997076E+00  0.1901139E+09
  0.1349495E+01  0.6752653E+02 -0.1043605E+05  0.1561353E+03  0.7641715E+00  0.1021598E+03  0.9997072E+00  0.1901147E+09
  0.1365152E+01  0.6675208E+02 -0.1019844E+05  0.1509842E+03  0.7475201E+00  0.1009901E+03  0.9997069E+00  0.1901182E+09
  0.1380808E+01  0.6599520E+02 -0.9968606E+04  0.1455970E+03  0.7291107E+00  0.9984557E+02  0.9997075E+00  0.1901194E+09
  0.1396465E+01  0.6525529E+02 -0.9746073E+04  0.1409745E+03  0.7139773E+00  0.9872478E+02  0.9997071E+00  0.1901167E+09
  0.1412121E+01  0.6453179E+02 -0.9531432E+04  0.1368712E+03  0.7009576E+00  0.9763157E+02  0.9997059E+00  0.1901194E+09
  0.1427778E+01  0.6382415E+02 -0.9324131E+04  0.1322258E+03  0.6846542E+00  0.9656397E+02  0.9997064E+00  0.1901253E+09
  0.1443434E+01  0.6313187E+02 -0.9123010E+04  0.1278568E+03  0.6692896E+00  0.9551679E+02  0.9997067E+00  0.1901258E+09
  0.1459091E+01  0.6245444E+02 -0.8928414E+04  0.1237061E+03  0.6545813E+00  0.9449255E+02  0.9997068E+00  0.1901271E+09
  0.1474747E+01  0.6179140E+02 -0.8739755E+04  0.1195972E+03  0.6396337E+00  0.9348884E+02  0.9997074E+00  0.1901261E+09
  0.1490404E+01  0.6114228E+02 -0.8556773E+04  0.1160135E+03  0.6270664E+00  0.9250495E+02  0.9997070E+00  0.1901224E+09
  0.1506061E+01  0.6050667E+02 -0.8379717E+04  0.1130874E+03  0.6176747E+00  0.9154288E+02  0.9997053E+00  0.1901215E+09
  0.1521717E+01  0.5988413E+02 -0.8209124E+04  0.1100567E+03  0.6073352E+00  0.9060625E+02  0.9997042E+00  0.1901325E+09
  0.1537374E+01  0.5927427E+02 -0.8042854E+04  0.1062881E+03  0.5925705E+00  0.8968392E+02  0.9997054E+00  0.1901333E+09
  0.1553030E+01  0.5867671E+02 -0.7881735E+04  0.1032807E+03  0.5816595E+00  0.8878104E+02  0.9997049E+00  0.1901360E+09
  0.1568687E+01  0.5809107E+02 -0.7725460E+04  0.9993353E+02  0.5684731E+00  0.8789643E+02  0.9997058E+00  0.1901392E+09
  0.1584343E+01  0.5751701E+02 -0.7573476E+04  0.9700585E+02  0.5573287E+00  0.8702750E+02  0.9997057E+00  0.1901385E+09
  0.1600000E+01  0.5695419E+02 -0.7425912E+04  0.9431027E+02  0.5471991E+00  0.8617547E+02  0.9997054E+00  0.1901375E+09
